f(x1) = -2600.0074772908247,2781.8635803755333,4384.9839878625335,-3109.723984233142,1660.5428347249108,122.78325010503613,5079.24519418313,2226.38899496639,-2261.0766927755667,3114.769949659656,2122.1802368381723,3023.4701180184475,-337.5650483415229,26.24759134163469,3290.5624472936233,2641.6110678544264,5025.637644381237,390.01399351050713,1681.474861458777,1753.6267791030095,-135.41500402776364,1238.6969355772799,2900.764072413085,6166.211888836957,-3526.004820641794,2125.9960292626183,1337.0631191447028,4797.128517238833,5161.694579000886,2130.8333511446726,
f(x2) = 63214.35896370242,72852.76934717361,71699.52501941795,68582.95663662427,74390.47002927763,69860.67344342194,60155.48128917848,75418.48088212413,74512.08998715231,60856.423580974355,69192.76006707802,72727.0101772508,70381.18055340531,61314.59139319314,59804.45753690166,77006.1960353921,57648.769456080154,72535.49194430883,70637.23618609046,63113.125409735854,71055.5921945457,64968.992060212935,61682.128962577954,76877.52103023921,73835.15452029277,63753.828296335545,71761.15225540005,79297.80981140304,49694.86586018737,72387.67277830657,
f(x3) = 3.414745706322788E10,3.028432888901697E10,2.6608724339747433E10,3.2931132959803352E10,3.49459795998055E10,2.767905324245356E10,2.4844620520613518E10,3.3519965877718872E10,3.361007293520084E10,2.7989224415222897E10,3.0517162607290222E10,3.335956494268094E10,2.9419587867315674E10,3.0629068119072807E10,2.3368542940158455E10,3.624768599370807E10,2.924228348721857E10,3.720969214064173E10,3.444798821340278E10,3.5559632692409164E10,3.798499497453619E10,2.547216009844957E10,2.2228473641722347E10,3.621022532033461E10,3.769408097319094E10,3.1485380794942806E10,3.312903823271195E10,3.5574056239216385E10,2.3527129547041164E10,3.4469643935733154E10,
f(x4) = 2234576.7972994004,1983450.5515717969,2195575.7482129596,1720965.6901510179,1946705.1021591239,1807559.1302064767,2026080.8264262602,1753566.8822274522,1851627.4053906826,2166373.5253185,1909218.5885697645,1937595.2848571956,1658585.935155646,1837750.672709386,1787693.2869889543,1950370.3183899773,1715757.3434127278,1918924.3960019832,1735026.7808520885,1215170.547467635,1901819.9361172516,1966187.4521644588,2022810.4108140636,1899553.0194617459,1686921.3703307454,1679092.4441231536,1589746.8114191564,1773421.552448074,1712361.190030589,1918727.875140784,
f(x5) = 316.52844570186045,440.61662539136137,412.0477843506653,358.24971888503774,441.69186196787183,449.8987293033828,412.7575307629864,414.2668967259701,481.0408281893277,478.7763627121218,398.2316078778581,444.6120917129854,414.22581356657025,359.8870827291926,471.5184173404696,373.06100383303317,411.5972627437152,511.94511453276914,422.8549204088493,419.94933086335163,472.88023681705505,416.99932644631866,401.9830817221577,474.70407063457276,410.4968841620335,358.6772049669452,468.6994862095906,379.5284363755295,398.17805714541896,455.31362988907955,
f(x6) = -18.53397074079802,-17.78264684274782,-17.893575524524174,-19.104916379769044,-10.96580516463477,-17.531046428649635,-17.189406538193218,-18.340171319708148,-18.02597060111,-23.161359464306695,-18.070502838938673,-22.24666394746314,-15.8499521414189,-20.37354838012925,-23.542089044215373,-21.7042674771855,-23.75484072043506,-21.754652753533684,-20.158593908856655,-28.043375848751076,-14.954981375761404,-26.483752888488514,-16.94645224800527,-20.844103848170896,-20.62879450818291,-13.971602072002128,-18.54343756390053,-28.771914162266622,-15.288100272643588,-20.076783871949566,
f(x7) = 53.40265855942901,53.40265855942901,53.40265855942901,53.40265855942901,53.40265855942901,53.40265855942901,53.40265855942901,53.40265855942901,53.40265855942901,53.40265855942901,53.40265855942901,53.40265855942901,53.40265855942901,53.40265855942901,53.40265855942901,53.40265855942901,53.40265855942901,53.40265855942901,53.40265855942901,53.40265855942901,53.40265855942901,53.40265855942901,53.40265855942901,53.40265855942901,53.40265855942901,53.40265855942901,53.40265855942901,53.40265855942901,53.40265855942901,53.40265855942901,
f(x8) = 453.4590462857409,443.6497027687736,470.8828497122793,452.3942868655085,455.2427501338766,417.43454007370934,448.0595862286282,436.57237754015193,464.04790392227574,473.32149458080437,473.5156931453282,424.1875099939443,512.9906562738597,458.8037019028859,483.41266805011094,437.2492041183401,461.497527803698,430.2018351068596,470.26076015161175,483.51128244444385,445.93004788993596,428.18718378498704,494.6559491497877,477.2898232310621,447.73817843858063,460.95985012907454,449.9227792073728,473.4945362122639,457.83050940249257,473.98751605332995,
f(x9) = 544.8385900766236,550.3769887792711,556.7430588117722,527.5472040499171,533.354640292817,518.3570003138288,546.6128026397433,545.5025890598383,542.3764786235699,560.5915939306682,549.673095605812,540.9135148196149,546.8355131197198,546.7972602477512,557.541194116797,548.1420413359575,523.0324943182352,530.2446679943752,552.4136285080519,561.7990444033687,551.9835494075355,547.0987581445467,554.1941341118819,546.9686865695842,543.702824871016,543.0227495045025,527.9003524068528,554.3982738525481,537.2992666210255,532.2253007515634,
f(x10) = -18075.70248747007,-11646.550429824545,-14995.601987946797,-22857.65556609744,-14532.228898136693,-30100.419365605812,-16750.327534949556,-20307.523082484287,-16798.469588808417,-16962.906244383834,-19226.31639083782,-16547.37100194924,-13674.37279068799,-17833.16331071553,-17603.247407690873,-17474.508347475294,-18152.908395504663,-17293.241077840903,-16101.266166418014,-17843.80368637878,-18168.88599657647,-20307.402620568657,-15715.693983467136,-21857.152003739826,-19141.253299327815,-19720.35431690026,-21365.10565733317,-16338.421145421224,-20781.06337893084,-26163.577054962945,
f(x11) = -10969.479966469393,-18898.03055798205,-17783.089971927046,-14537.76606146626,-10636.256238995506,-12515.671532137629,-13035.953322474748,-11105.64876628776,-12596.907674862272,-11369.17100733637,-12219.053557553803,-12141.930769582814,-6476.455105472481,-8536.024661039386,-8827.677306282467,-21470.433011882655,-13609.05522947133,-9336.58031495229,-9204.380305393754,-11933.319008590224,-9999.616899096482,-10485.519805199594,-9822.883388950868,-12784.975746027809,-15269.347422072626,-12006.77401293728,-8626.551965133118,-12665.896494998953,-9430.799077413947,-8806.631195414639,
f(x12) = 11.693251328131344,10.619012044929798,11.835551885248883,11.306070710490793,12.806310240197467,9.89495947336066,11.540149183381779,10.133801896371592,11.246476273376473,12.103728443134518,11.308248935961862,11.556607432316902,11.445100733446004,11.157298879346683,11.712936662982328,10.276617631703159,10.83690633333233,8.985050563212148,11.808550502954983,10.638095978504207,9.746375794912483,12.132487125132267,10.308657668489502,11.445499802541699,10.643428245301491,11.855860544429316,11.376155651343188,12.090958251948704,11.067802596153443,9.85917476637048,
f(x13) = -104.93003863185436,-112.77264141018462,-109.06527213757423,-110.73354939234036,-109.83867569275662,-108.92072621773002,-109.36527914986553,-110.74152512647417,-107.05006863140844,-110.07685382714179,-115.19319963038176,-112.33039923448725,-111.7293825979258,-109.2191683381004,-107.29266384563758,-118.85541888159065,-113.10703952494897,-116.00943061446323,-107.52245983986596,-110.42737271889334,-110.57890675835826,-110.06972069574259,-108.10358123928134,-111.18658649955911,-111.25902344401013,-110.2902401270232,-112.77617443497505,-108.69963455227227,-114.55745754044572,-111.62577982777464,
f(x14) = -61.54058266815209,-26.17552643547207,-52.94433169352549,-45.27898805649672,-28.319594012883005,-32.37200715159398,-42.0563758934518,-34.1176965235851,-40.483187137449434,-26.842146574704188,-29.41533548835405,-38.21955064276211,-34.74355164244187,-32.12537852076011,-34.613153600166626,-33.43727219007939,-31.526390597682155,-52.100381817846895,-47.27470179572095,-44.85594716412147,-36.16170853576325,-35.89300299085353,-45.54690023096502,-46.52491025278718,-50.491313516223705,-37.04940830523233,-43.901384427641716,-54.41728079272979,-34.49654831569328,-38.64702716283884,
f(x15) = 3.8661110040808086E9,3.815783800785519E9,3.290544902644023E9,3.3484299231816244E9,2.382677393093383E9,3.695328323264368E9,2.6687329730859623E9,2.776585005222064E9,3.5843125358187475E9,3.474182136552863E9,4.1327924315658593E9,4.673905123729435E9,4.2333813448812475E9,3.4239250598226123E9,3.3463945079211683E9,4.800045528859694E9,4.4068013047310095E9,4.1258175614554973E9,4.278128684570673E9,4.082586252308281E9,4.21965646129349E9,3.44806188009775E9,2.8138616874975834E9,4.508570355561347E9,3.9779616366074796E9,4.1138575724015927E9,3.7108804571477942E9,4.551019873924931E9,2.6128624500635457E9,4.433017823493469E9,
f(x16) = 16964.687756076033,23479.474689193066,20100.128446824012,22648.344898103805,27089.91345212254,28278.177689634904,26109.842991293706,31530.478702534616,24733.917586983174,21763.89681345899,17891.149850905713,27553.16568361468,27419.82412646719,22593.960405175894,20700.704281011316,24078.25547855851,25702.69446192878,21205.47719180736,21114.06623138195,19778.5068182969,23557.35995102008,21596.821533815957,20350.551273394893,20855.560915720576,25060.402041131347,22820.255530921928,26682.33794451022,20989.958802806043,20995.725400724074,23383.133990029237,
f(x17) = 64316.401871496404,74165.35993383599,72963.12279164097,69802.40070936023,75632.79166927071,71067.54945267607,61326.72298872139,76707.70323971195,75868.20612189152,61988.2955402366,70439.9040402946,73979.47171877424,71648.43974172202,62460.948006539504,60960.22388874055,78323.03879708446,58696.4543428617,73775.53743561248,71821.84678050247,64193.946426154085,72193.0193469326,66204.4119395666,62793.57927359103,78116.44736705317,75094.56681527938,64866.78428139093,73013.56754308457,80583.18314931671,50673.449779382456,73597.42612957851,
f(x18) = 652.047542605337,638.7445733496702,798.2861223001526,665.8661827320603,763.9222103789032,752.1004174473842,773.5323510123097,748.3797429727266,645.0191422883594,801.8245151968276,680.5730377300845,682.036483100355,700.1158872434326,636.4837058940348,598.010766250434,747.4477628058706,609.3071586232187,712.937775380219,612.5508595190985,692.8799854034008,650.428649074657,763.7405601295412,670.7019183569721,637.6241460531367,647.1717268590885,668.072804315451,685.4414741824636,732.5157286226647,564.6272453949588,723.4262524466752,
