f(x1) = -2782.8234104932462,-1595.093584754337,-2227.0782005108076,-1918.7991540260637,-2040.4352406533335,-738.3193583984039,-3517.382509734456,-383.64853129307176,-1323.8497216773712,-918.1480169928109,-2983.9649268559597,-4883.788911544541,-3655.3837929905812,-416.28387586498593,-1313.7899865593236,-543.9163709103732,-4640.774780768539,-3780.6359294100803,-210.94543886225347,-1264.8307284877656,-4564.057632434637,-3375.70105752396,-435.86344781818207,-1046.1023077305153,-4430.408831528057,-176.9119193379438,-1092.5958496643534,-3002.7852276697085,-462.78055173678604,-1047.3345869579352,
f(x2) = 14331.449780038833,12387.546208087964,17174.369347382402,12138.569607370544,17371.017253139617,18388.156002736534,11160.880212745073,16058.586482906729,18636.581536582926,13476.350798850943,17517.10735812533,8350.688422814686,20166.47106744148,12470.72118627538,14035.850291362785,9501.010017226472,11651.965593906823,20247.149345546408,18500.664222256994,15554.5479997627,21258.232621007963,21091.231724151225,18658.984208086593,17973.44916862745,20538.20362003846,15766.646823414043,17944.746360047273,15710.209143446946,21070.308493472836,15271.922351919326,
f(x3) = 4.708074889731835E9,3.8133314042918515E9,6.052848416464411E9,2.806021358813835E9,4.0746101848894663E9,5.16552815184844E9,3.3569652737777624E9,3.408105212193432E9,4.924396717490235E9,3.720134926770247E9,1.5325418572293766E9,1.9418844423142173E9,6.402508196197794E9,3.254767875169977E9,4.328190904834421E9,2.705664757706784E9,2.1439657771272416E9,5.5743447054122E9,6.081606972168241E9,5.954126112991336E9,3.6649542250471897E9,8.802164609302877E9,5.316185741434296E9,2.9298513073597856E9,8.765388475092201E9,6.231099557937824E9,6.565407692053301E9,1.8163640972373667E9,4.167327796916174E9,3.647718013625852E9,
f(x4) = 108629.30519698966,160367.0176172015,72727.33750331514,141898.53783405767,186150.1294401422,97129.98130061128,94996.34396051851,172160.94350799813,184192.39455669236,87834.32681199492,134811.1447065407,162425.55780901774,129376.83822051172,125994.21938943515,137369.42516944022,104261.47034484986,170997.6519598819,147744.06076459133,120881.10324003856,183883.06273802565,153550.88256000448,186496.96527846775,123754.00963572445,114483.47468426828,175051.41060326324,137276.55507838927,166310.70805204232,106328.87579693891,81252.38174773855,189040.26232026913,
f(x5) = 108.1034460487134,132.7194426327863,111.96275123753773,149.32755853544643,85.39073578568633,105.39411857307287,111.15966365701827,94.00404496079433,92.56088539820402,102.218326923366,72.79811679877832,102.48959373305374,110.69197517956276,70.46418619044066,115.50488408193384,120.62871105478963,84.24777201489776,112.6474937279784,101.60215256675015,99.36707430583978,81.73311648021104,84.02534885886165,78.3588003210508,76.23365139358172,84.37725605771055,93.73288038363492,130.30316790689747,84.60543205911189,130.45238968485708,100.92546421411615,
f(x6) = -3.953363248485486,-5.093064718627277,-7.524043499025137,-6.792562266156569,-2.9159299871872197,-6.846582323900519,-5.705989315204344,-3.6930341659703068,-5.724267684596648,-5.04273417892486,-6.656368553093852,-5.635727216476103,-5.940713177932466,-5.039460958560676,-5.665700429522395,-7.665450037983969,-2.2188630031617205,-3.3899142869084518,-4.959285160303564,-6.815626162710229,-4.669869147456527,-5.0509279339884126,-5.331713406162197,-5.776758157267431,-5.416111329082475,-5.802354530223747,-3.3158127132113924,-6.327924267486595,-6.950752294534696,-4.218306926671474,
f(x7) = 16.57323886327107,16.57323886327107,16.57323886327107,16.57323886327107,16.57323886327107,16.57323886327107,16.57323886327107,16.57323886327107,16.57323886327107,16.57323886327107,16.57323886327107,16.57323886327107,16.57323886327107,16.57323886327107,16.57323886327107,16.57323886327107,16.57323886327107,16.57323886327107,16.57323886327107,16.57323886327107,16.57323886327107,16.57323886327107,16.57323886327107,16.57323886327107,16.57323886327107,16.57323886327107,16.57323886327107,16.57323886327107,16.57323886327107,16.57323886327107,
f(x8) = 118.56226603292697,124.83818335715259,79.76929358795624,125.13779199357478,113.75319828272004,132.09183106443146,121.39836573361663,97.42593944194476,95.60030930452527,118.2757790132236,83.530811493646,134.5807487471184,116.40280613558976,123.67335069363548,123.90933813302385,128.606216315294,120.9278734052126,56.64193097646472,103.4350681053091,111.45250314088084,101.29104848543712,87.4306922561272,66.04598519883729,107.62077955538858,129.95423323129506,128.87716962044746,127.93798874081864,119.57995355257687,106.40853170532162,112.00409866278922,
f(x9) = 153.0409647090308,158.3029227731015,159.1250211874041,159.1054388677482,149.8701064095948,166.0212646967414,164.16800233497517,153.24362603588145,154.31669997065728,163.02295866622396,136.35769333812715,153.49559321015784,156.21012001942336,167.26317013354623,146.3600336079718,157.8480648430495,161.36278077267895,138.024352899829,158.029440869235,147.91935671800206,148.15919217429027,141.24355522906362,122.25256287750877,159.85835180161124,164.40844648314126,159.10925855502447,170.2745443987879,145.6799249278693,163.95925612890636,165.55327187399217,
f(x10) = -7452.998742288683,-8670.93313859439,-8729.875172239084,-9622.85758999492,-8841.197915782503,-6787.308657290702,-8942.684162777565,-13280.786783748103,-7104.475052913894,-10915.50754950898,-11826.130265787688,-9684.848365005464,-10381.647703598092,-11762.626557405281,-11784.269792333205,-6147.732553868243,-11377.915158958871,-10632.281726237954,-10226.329331909099,-7360.814295808603,-9704.07846725135,-8162.816652962473,-12012.992679611907,-7366.049533821079,-7977.246516393402,-9160.843519172113,-8939.327260386144,-10212.016871937956,-8465.574460513744,-10060.529379109863,
f(x11) = -3778.772198304212,-4931.874571609474,-6990.226482586525,-5513.374659704888,-4954.682937209307,-4034.065069384158,-6354.522441235145,-5848.875931129087,-7256.052216900413,-4388.192258529265,-5140.739783870699,-5882.602569607764,-7053.3999138446,-6283.4275181388675,-7469.8203768520925,-6056.9432779154695,-5578.679483552196,-4245.674037650563,-7416.828756693208,-5817.96959412162,-6600.964952931187,-7141.049245017478,-8660.23944638813,-4957.67663131524,-8930.732912259951,-9319.61687248957,-6018.247391768259,-6054.271413702573,-5505.2695942801465,-8287.8304119806,
f(x12) = 2.9446224444003364,3.071578146529772,2.161572788454265,2.8455739521790684,2.3556120153100544,2.1339311140388566,3.1240650690823273,2.949064851042956,3.3350256498963873,2.4062732357051986,2.843532445994788,2.4174244883948575,3.090220969010837,2.299106953286876,2.3517575259235026,3.091844838113417,3.242156033119997,2.245974765541651,2.9201330403265344,3.0562484614618994,0.9463837496614375,2.173050136827714,2.4021549758994984,1.9474699223931347,2.6634061700026637,1.9540312556982173,3.2430138953715555,3.150593246037293,3.0289785406466505,2.885669637134338,
f(x13) = -36.766183131318876,-33.86943522495441,-36.24971295513915,-39.443471251304146,-36.64807095990683,-40.913374542987015,-34.37447419534181,-35.92614800011969,-38.39495041950224,-40.051604847165315,-38.551381080719764,-38.69473441695069,-37.855180603077635,-38.46266410781358,-38.334085784640706,-36.51762010005493,-37.78174309629947,-40.81259497072684,-37.253839538538536,-37.01463708161923,-36.46384790023622,-41.071821141933256,-36.676831306273606,-35.265824724211825,-40.024158498888,-38.83666748312563,-39.38515401106112,-37.87338831046648,-37.62968285877039,-36.50559569218734,
f(x14) = -15.336915347883666,-20.671649800648808,-15.454229464412832,-18.32002364554982,-22.03044566635737,-22.165134912058498,-27.246910276881586,-30.69297363485688,-29.162205965646145,-26.397873051739506,-29.629233421314506,-23.475460961406984,-23.14682882035204,-14.932136024200412,-25.27920945853061,-16.276165507486105,-25.773945062764756,-24.843387906334048,-28.98249347545037,-33.934226146309435,-20.308023011518006,-23.184003264626558,-23.570849133451592,-27.611277492500246,-21.045505322984912,-19.99273293414606,-22.087486968119876,-18.371776741925856,-26.49137744406369,-20.408941593484716,
f(x15) = 9.652792920525257E7,5.6901490641410775E7,1.4186398981912097E8,7.783660058355276E7,2.359716494037595E8,1.2933112837511402E8,8.344756731609617E7,1.6974570145343935E8,2.0731141044166565E8,1.1707636449709608E8,7.903611749018429E7,6.644242479725113E7,1.770548280184398E8,1.1345488520894416E8,1.1791705057202575E8,1.0188927422190335E8,1.2613320650033721E8,1.807185336967304E8,9.666268357774024E7,1.643682537129435E8,9.548827934584677E7,2.794478033760671E8,2.28188269219589E8,1.4992431394428493E7,2.1710622806080174E8,2.0748448815894645E8,1.3152090011471254E8,9.800604456806748E7,1.8303058421392125E8,1.1950252134730282E8,
f(x16) = 3418.133937667929,5029.413552331911,3338.878976775974,4343.6239914799025,3779.839281847086,4017.528924819343,4409.052551360403,2020.8953261379581,6397.006562092017,3204.0873950259725,4202.105083838093,6086.539439550488,1686.7398873204752,3874.153227848865,4676.679902970751,5500.803779927097,5476.025150010854,3279.092526702563,5604.717692772227,3433.358572112729,3804.2639127696148,3739.3817699122587,3462.9636465059175,5395.982286157739,5817.215848238054,5086.64716476438,5214.337406612984,3709.7085157750253,2426.6525838825546,3909.202952064276,
f(x17) = 14611.765352345998,12660.639370947516,17518.70482553866,12421.023440598505,17702.695617793186,18771.74737660643,11429.071473418764,16417.000372767598,18978.82804051082,13790.50848054472,17839.38975108078,8578.121189811287,20547.348063083282,12771.637820210344,14343.52925398919,9741.196909963883,11902.97694206905,20642.501883971912,18861.951248642505,15888.706511427723,21654.826666280467,21496.39502047064,18995.077868337103,18308.272980969585,20896.550859076408,16053.00727505277,18254.16149843984,16032.728262933477,21478.797491280315,15609.847974025397,
f(x18) = 142.6462100281915,198.9235182975454,209.01071929800872,121.99448056005319,151.42293556875413,200.18047559619487,178.08161504985742,141.50062515267354,147.0218161488885,145.39373795233317,188.23964668843686,169.6114306641885,183.86525280320535,169.9014802207043,156.44266926258547,170.42919785197458,119.80906101584473,131.44197420486444,182.63179022943018,169.69397783404432,201.9139399335064,192.94387009957785,210.66455668232527,183.4230221389428,137.58181982145769,151.45158877711322,171.04058928407872,158.03831032423386,205.340643585781,152.24819358454485,
