f(x1) = 1868.107227200696,-1043.0684618077066,2148.595806729445,-1799.41278315425,-2672.909984216709,6.158477843482615,-219.46644464603742,643.1340698621634,2567.97184443516,-1086.4397331827768,555.4594918110251,-2701.1166798871654,-1111.0001595518224,-1970.6176912584324,-3018.1029194643997,-719.6088021100513,1901.9738731704538,1229.5121041832008,-4432.906944270771,-1784.5232314389668,-250.48097602588678,380.2525737365113,-147.21184621337306,-424.5332321480819,-1484.2652949473886,1691.5740203423156,-2008.347624625534,-3635.2088182834777,-5334.991462136659,-4804.869010134133,
f(x2) = 36373.48111353327,36563.41775318023,38895.73121595384,38542.33101043382,39075.55769320408,40622.826096019424,37762.91812847517,36617.370789773704,45818.04776330186,40399.19793633883,38678.08846972578,39301.757536215664,34483.17804426542,31485.90899558213,40276.86126024628,33347.456931431916,44372.53524687432,43445.119032854855,46536.75271627466,35019.62212131207,41908.697412833906,40184.939095682144,42607.19888606794,38433.224028256445,44579.99890022896,41692.13243325556,38079.689988537735,48865.84086774853,45289.4945322284,34485.70705409768,
f(x3) = 1.3318859386861933E10,9.213041356369516E9,1.5159820166575447E10,1.7615331429683174E10,1.0934635365825228E10,1.7652812535834698E10,1.4787953382310062E10,1.7605440256901115E10,2.0727055380524178E10,1.547830960542037E10,1.4711655889174751E10,1.4756333412066647E10,1.3041264047842617E10,1.214995428011209E10,2.0478088371302765E10,1.2686995897510519E10,1.8419248902522114E10,1.851206169645288E10,2.106854485256307E10,1.2499254844753246E10,1.7551393719287083E10,1.5991480532261055E10,1.8206973205883087E10,1.721872808817051E10,1.734735942311662E10,1.9515411445700592E10,1.5983761914129719E10,2.505636114500808E10,2.114690063050436E10,1.982402736981735E10,
f(x4) = 723163.4623812331,630762.1600793111,750872.7712974937,592779.3905289222,887942.2096917774,758538.7131978644,608056.6198247285,618005.9797978236,827618.6866100477,716304.7192258798,619064.6696876192,673519.1920767075,949465.3836598538,838985.937290334,786504.2367370921,887145.3335440117,711904.5294045062,771400.5485920642,652311.1087350991,769181.9163472863,862118.9672292288,730716.5434195392,680676.7824898007,615875.5953368801,853192.8214050115,587631.9695680148,748199.0812870172,743390.9398510853,705979.0767912472,609926.6215513921,
f(x5) = 266.99717533436626,281.4976138013924,214.85507916457033,217.96878566146876,218.71764569677808,242.73585302677506,263.2348941860376,225.7720758549245,193.2839976649367,241.84204072502996,263.5115771624282,288.0124862825228,227.89257841900604,254.2167266557217,294.162358343853,259.6553747588714,219.62369018350972,215.83710483165464,250.58712109575157,260.49128947316376,266.87035339633314,298.3346766254824,206.71287198598853,249.5404006572543,272.13069349143706,253.40921566976732,246.3716865872413,251.9352344163758,241.99986589830962,251.68961266617202,
f(x6) = -12.849029454391545,-18.846174737437934,-16.13504793333718,-13.743118268221,-9.813729050860942,-18.44276118079414,-12.965059454057565,-9.923982282102967,-14.320446054699646,-10.729758111167463,-11.777653859069394,-18.503128260249717,-15.532178620026738,-13.65606036797753,-19.820646525078622,-12.766170801289507,-13.142163122167986,-15.670926719490414,-16.423589699237876,-18.939715439689827,-15.999813125629165,-10.669607403370502,-18.768082846166905,-18.578848963087918,-16.104234783276272,-7.87603238099384,-12.921180202395313,-8.737622473459403,-11.10089006010197,-11.412179286785078,
f(x7) = 34.98794871135002,34.98794871135002,34.98794871135002,34.98794871135002,34.98794871135002,34.98794871135002,34.98794871135002,34.98794871135002,34.98794871135002,34.98794871135002,34.98794871135002,34.98794871135002,34.98794871135002,34.98794871135002,34.98794871135002,34.98794871135002,34.98794871135002,34.98794871135002,34.98794871135002,34.98794871135002,34.98794871135002,34.98794871135002,34.98794871135002,34.98794871135002,34.98794871135002,34.98794871135002,34.98794871135002,34.98794871135002,34.98794871135002,34.98794871135002,
f(x8) = 295.9960686517528,257.53673653281385,279.51986264835494,285.1467330557801,275.8501615018354,275.28450725442417,257.66698402722113,265.32919742227983,270.0159526885637,212.21864212259064,276.86797472709,272.2339057612264,277.19115176480904,273.35172776699096,300.1904344553008,301.43768613710427,304.85846379526294,304.89089787084714,274.42580940173883,307.9894121747469,298.6167160345259,292.04048102375333,252.78862393660222,290.04926768792905,261.6008326298937,304.5877707142153,278.6492999009843,334.15270631620314,273.82337041857704,255.94673118659242,
f(x9) = 346.95926368801673,339.74878026689663,352.319616376959,346.09029680802445,363.5687468629843,351.45915004537403,351.1593178218154,341.46557657524534,327.8301952910726,327.85147893701117,345.4952007129106,339.4080357025343,347.46887073771035,333.03286244379393,350.94078958166796,360.74461442832796,355.3855310017056,353.2951726043303,349.80911414027037,354.8099465002673,361.3513704964184,351.226659223808,357.5681958968962,333.6963533300843,354.7514250034255,348.04685422356226,356.92377774166704,356.43903746597744,356.4787599543878,350.80011257946865,
f(x10) = -14108.598947173208,-18558.18093003498,-9338.400376693657,-16686.026050487308,-19449.29784706604,-11908.270617045546,-19730.305427783598,-15712.4233440763,-10039.710683426614,-22190.9072929316,-10286.526948229171,-13053.566057526792,-10781.04851840337,-17795.268434409623,-12410.445835536619,-16036.436127681427,-15778.400900134575,-11022.41199384027,-13316.975585705994,-10107.438997378698,-13149.522653706834,-16755.720042881567,-10088.875697547413,-16549.03368513565,-14051.49133946682,-22062.008548644226,-11436.10434618278,-14677.367373070676,-10758.719651827665,-21420.04118238788,
f(x11) = -7188.054945611434,-7145.32640263765,-17642.105573154484,-8154.077908940901,-8006.2445273765625,-13721.94495329984,-10460.209247123234,-11693.740865520715,-8478.534935011634,-6873.459084243646,-5340.931684830555,-7730.222644735057,-10192.782033163441,-14222.93302789882,-9802.410908285217,-11077.894516849827,-12813.081892113778,-11354.45191265243,-6800.053973751098,-9254.705376255872,-8812.236787115298,-7246.8205212310295,-8254.772835545728,-10297.448927987798,-11997.74497729307,-8110.885182637272,-8080.567252336543,-11895.76521019922,-9308.393446268383,-15389.975906726773,
f(x12) = 6.606377698635704,4.501829392276258,6.407954328398653,6.97323099970822,6.962333000993017,7.27442152262096,6.701224090209635,6.67435169889084,7.03541798533487,6.325623991867431,6.565815414860056,7.987909409709886,6.71807263448121,7.268031269495727,6.5088233767922645,7.432295151370706,7.794288620022553,5.2480204848017165,6.9686318298920265,7.345013137492951,7.446565120900288,6.734255434246909,6.4459837774535895,7.1460199061643515,4.222497496087807,7.838722342178123,7.790736707162477,7.211185404427231,7.038519139764717,6.284962214363911,
f(x13) = -71.5065735296493,-79.64133965277729,-75.86549890889088,-74.12806740384369,-72.05640874855908,-72.35015260783773,-73.31426667564034,-78.47166727181285,-70.61400019400489,-77.45081639268835,-72.81451039069565,-76.19657725801171,-79.42226265940486,-73.71117270151541,-74.65213068795698,-75.8522746198343,-76.29792559274729,-81.1145327431471,-75.03087097873531,-73.12760213751466,-73.18597695610906,-75.12479295472593,-72.75185988772976,-73.55409371791521,-74.02357878601494,-74.0635324742304,-74.64716192751081,-72.91193480962028,-72.85189056323024,-77.78216496421004,
f(x14) = -27.583591141073715,-27.214778815844497,-42.93943361136313,-30.235175442818438,-29.241115369933244,-34.85079965545284,-35.279683316035374,-42.664136538037155,-34.79020788145157,-37.59596223444707,-35.91477655514036,-37.60152259114801,-23.78138013379916,-31.259156995533644,-25.83580947920102,-34.81798906912706,-32.383931244984744,-27.293278354898835,-31.178082855853727,-19.55593374462526,-35.46799107300137,-36.478684695726834,-22.389978274385907,-23.504186261343257,-22.41426610918614,-28.246319282745226,-48.431986409730165,-32.78715010250937,-27.29665804316233,-33.317114050697406,
f(x15) = 1.508757845596978E9,9.811868712992283E8,9.692983742987096E8,1.0862812738159597E9,1.0005982839161234E9,1.7192341815812612E9,1.0602427596401603E9,1.3597195518570685E9,1.589058551334492E9,1.0850637669142914E9,1.1525151785547307E9,1.0819213866322908E9,8.621502297603105E8,1.5004385704740186E9,1.1911406457232268E9,1.2987231354316633E9,1.4940706209968545E9,1.2124023122545292E9,1.412525513677392E9,9.04843558496955E8,1.105636679391218E9,1.3382604738141675E9,1.5295891935023232E9,1.1320273817593257E9,1.523973184154725E9,1.1986547517401047E9,1.3717726873061187E9,1.6114069384323068E9,1.6748412381395364E9,1.7209914996693099E9,
f(x16) = 12886.674097580284,11204.854241322759,15322.528059781596,16420.325620659707,13332.111871541496,11687.46458011225,14361.944558743417,13859.9442669401,13191.125604136274,11120.451162194546,14304.578890597837,14898.69575228106,13942.983843296075,10844.799763097237,12773.940130185229,16964.6569095995,13377.77935014088,10844.841374822652,12416.02396703671,15523.469606709958,12674.352838502928,12278.025530494155,15156.272212770184,14786.352725047407,7854.201378832285,13513.292142588727,13040.673483759223,13238.046023922145,13189.15351850499,12615.510624089096,
f(x17) = 37106.388643545666,37252.52092030768,39638.55616929706,39255.07678349245,39848.384449674,41359.767495255466,38430.48627366182,37303.008895165534,46609.32591511744,41177.52331451175,39445.93349061435,40033.183172687786,35153.31950370298,32145.99024999012,40974.53297459064,34040.71686152445,45194.757801797285,44253.32422345388,47345.283313596025,35741.56732971167,42689.1893208677,40919.24307321552,43368.844430019875,39189.35284730477,45323.87184352717,42445.45585736944,38828.662693537226,49724.09564737638,46060.09085101579,35092.22216353921,
f(x18) = 429.6161431674035,389.64556065376087,448.197219979017,445.0198157154736,429.16120676856025,447.55184913604825,435.9729047537715,442.0422572000232,423.01368589851666,407.7702584635506,403.82966381233865,357.40822874892586,301.2242238730877,348.33429417967125,419.6558717114153,494.7229996758375,421.40483103206867,342.9895818275864,411.6947402855135,434.91306659601815,398.64099308170614,392.24793585320526,439.8568926566478,411.32067644265584,449.8719938542283,421.99131345820194,359.6945567655047,460.88025137148605,397.88196100729755,436.9535648258725,
