f(x1) = 5204.5661903727605,5060.167661305867,4404.5949560512745,3828.154847115234,2868.306355134536,1710.9418976290303,830.2050777059653,6608.720933154838,5314.732073992167,3185.0486636070127,3318.237549835618,4804.866402750156,3996.6541656352215,5646.507973916161,5678.90849613387,1903.3790509806522,4801.502095261948,3692.4679033388074,-2378.134690281191,-2321.9123577378095,3644.9641185180362,3247.7377643677787,4358.580239458102,2018.139046789106,4358.583924858246,-1266.2873359504583,3871.633811742298,191.98893740029007,-379.17909005850834,4878.906683442912,
f(x2) = 23163.96637179881,44604.652081416556,36737.47712209403,31002.81157380425,38491.0198809309,9125.330721340735,45521.14311873558,34497.694317726964,38797.988037782474,36510.17387921447,38139.81372026928,21748.369765414554,36474.78609523328,34756.80794731742,40103.15941409094,48514.96477391221,24480.116467722415,34644.53929849166,25936.374878685376,29978.502617946877,38627.436453846414,23037.71239828151,32369.346185588474,35826.877553791106,31564.940631581027,28779.184134528914,38071.92870836606,40999.397140404326,29479.49458886796,33340.29602862176,
f(x3) = 1.1234833021020973E10,2.490262579061966E10,2.9908145607601368E10,1.822204885182872E10,1.956287098997471E10,1.72981675736213E9,2.778002296189359E10,1.9032652064788273E10,2.234000922018957E10,1.6579648703276611E10,2.4988362206722664E10,8.422759774421454E9,2.3981535576152126E10,1.6343523890858612E10,2.231518593677886E10,3.2676003581863335E10,1.3415583130733265E10,2.3142931333329475E10,6.739304771955962E9,9.886259463369286E9,1.4150988615254383E10,1.3118045487174578E10,2.1061247841309113E10,2.3765577031135994E10,1.2597805036336706E10,1.53224980352859E10,2.447571698260593E10,2.38751035131119E10,1.6821227531665682E10,1.6628935588893278E10,
f(x4) = 256270.33458789642,232320.16530199986,266530.0525529719,122766.68172802152,364144.7508785262,363854.951012195,215638.26022294542,337568.2429644611,291165.2695996705,287604.53703124204,215917.5415191562,248031.74160633504,443704.81009859394,368212.35125486646,256688.41873831226,238204.74871992646,192933.4164588279,246136.90767650187,385026.3249335253,179047.89883665793,293321.7893963406,227473.6077172995,304356.75113675377,283955.69263131585,404342.40395638614,281060.8838403348,248829.92186367256,270771.88411272824,264960.4504387577,176915.23503220337,
f(x5) = 150.95653420121243,202.66601941637555,131.51072310177966,228.18113898493937,157.09589703067863,197.81530620381835,289.6321101248429,205.95116976104134,171.49630781599285,323.17745246463716,264.10915310957205,304.2263371195649,250.5242069371459,170.38289671684257,206.27117928801312,148.53442557899416,220.20855225364537,282.14340451479586,293.5738544295415,228.0965071795478,282.8059357430219,164.35919197433472,280.8762043470325,99.21967663973327,191.02771395405364,320.123416251351,222.6845405192371,186.18355898198462,170.89311678384595,155.45046591843447,
f(x6) = -6.883445087330804,-6.853561663400554,-2.649564597544391,0.3265828798928614,-5.8558586267524735,-1.9457237400792056,-0.35341044464388977,-2.8112976238307446,-5.510085576174949,-3.685945783937669,-4.091538449875205,0.02793786540636245,-2.3647313983752216,0.05271975995481348,-17.513769968106715,1.43550526977764,2.160529921675053,0.2322472619133632,-2.986268436318425,-1.7868380171996407,-2.2889734375584654,-3.790900135353317,-2.3125329357971682,4.538133382441997,-0.23900645140874466,-1.748637654194828,-2.6733317623147475,4.6990466284493735,-4.272499481112108,5.65050878863514,
f(x7) = 16.57323886327107,16.57323886327107,16.57323886327107,16.57323886327107,16.57323886327107,16.57323886327107,16.57323886327107,16.57323886327107,16.57323886327107,16.57323886327107,16.57323886327107,16.57323886327107,16.57323886327107,16.57323886327107,16.57323886327107,16.57323886327107,16.57323886327107,16.57323886327107,16.57323886327107,16.57323886327107,16.57323886327107,16.57323886327107,16.57323886327107,16.57323886327107,16.57323886327107,16.57323886327107,16.57323886327107,16.57323886327107,16.57323886327107,16.57323886327107,
f(x8) = 197.1959794424077,198.34504321321984,168.8604168102479,159.28704545154403,134.81185260974408,163.98752470977854,184.44845367458294,183.348195789643,165.35368628264615,179.23934246714677,190.3203468296317,138.907104619352,161.31131241206253,183.1478569356637,156.36655098166105,176.87972154922798,165.76971373089094,209.05652437380104,170.2233468220324,192.24318546210588,162.78615037499546,157.60299070080924,236.13791226475774,138.8584057607066,171.6973095756983,211.1319179418693,195.21471886925207,171.37554705277734,219.8406694225752,138.44905058315544,
f(x9) = 188.47380025393633,187.45519333622727,177.4984936085383,182.51199878049806,170.4314518837849,167.43261913368173,174.85892990264267,184.73405769658413,181.6525865763197,185.36038244544022,187.21325387157086,161.47763797050496,176.24195916411554,176.28142724467733,180.0927749635603,180.5494917440793,177.840840693016,189.87388611671028,181.58959444340456,178.32277630908854,182.98937590870432,178.70230230869362,193.64482990488153,169.15571252088074,182.6490685903786,189.69408065834793,189.87588288680232,182.07719641557586,188.158990734797,167.31797825888455,
f(x10) = 1895.3629396803788,614.3281735755917,-1599.5164403897486,-9003.798621296286,-1023.1282338470747,2008.0298817654198,-2929.6372779142253,806.161929806472,-4790.558592635123,-4855.729135439939,7315.965599865857,-901.9247097913501,-3093.68999310686,-2143.896480523465,-1149.2541657233032,587.6280689008506,-1925.2929245605508,-7054.566725607183,-6040.2126030126965,-1279.8532683557246,1919.0301032102623,-4771.996783634318,-14393.229790984666,-1361.8721767717825,-1713.267905790606,6093.077499155525,-1369.5624537837982,1029.363717201118,-698.5583968860327,-5219.987144584006,
f(x11) = 175.72205379538178,978.4983947823857,-1278.168384020745,1138.8019251698613,3124.5193532980416,-1742.8649819744114,-2092.8374226079077,-269.0104036449912,-611.478574225162,-2619.2690318412597,2357.7342677341767,-875.5356694066238,-630.8313105840917,9.41101014400249,-342.5573069974067,-6031.448590245373,-1990.3034836053496,3498.4799086673643,-3587.0702906525767,-774.4223180679725,208.85789309729057,-1136.7856637008924,-3014.4462964244717,781.3537184695176,471.5858401462447,-3989.607997330028,-1622.4465980079804,-1750.604885123888,-1302.8480318987497,1496.9309647607383,
f(x12) = 4.492760166267557,4.475902979103319,4.448901044487019,3.367540986650167,4.693767389966168,4.1086142314714715,4.7950089993718406,4.541584403259769,4.8957330424586845,4.504263326383262,4.496871357079606,4.497344435569476,4.091345700257677,4.486648331958576,3.4336395503123476,4.9611914117258245,4.42734096776579,3.253049952141497,4.5560365716451425,4.4281714138718185,4.501782725679192,4.933354642277875,4.4463911598291155,4.079875103149131,4.191966199567496,4.469521695157631,4.488961704068738,4.366345491779182,4.48868544583584,4.4971649086162575,
f(x13) = -33.09250572351771,-32.050439391340966,-28.69865274099746,-31.2183605422926,-35.606743765086044,-31.906733097188482,-26.95822216055176,-27.959601032694184,-28.469180115172072,-35.47576025933956,-32.31924217000915,-32.44633659452243,-27.356547241130645,-29.018878560552107,-26.727794119481178,-29.337071055502467,-24.201603166244844,-24.653124907720738,-35.63218534106012,-31.153086733496618,-30.074882477001083,-28.142666013381373,-29.55788424129949,-29.388412701481563,-34.59603231375998,-38.15292021174816,-28.774367012122912,-27.04948315822246,-30.158077663234423,-28.079860709081785,
f(x14) = -1.542085086781546,4.952298200247215,-3.212708644826826,-4.300831380888594,1.7423954293810744,-13.476105261242049,-9.579282282501788,-2.5557112318927975,-11.233196370975397,-2.43958092962679,-4.349306476342032,-14.966236489882887,5.122816220316366,3.967690609393124,-4.230274048128953,-0.11914257515630122,-6.839587394065505,-6.371911441176406,-11.7672592775656,0.940683230615038,-10.677733656593169,2.991521798448976,-0.2852730444963766,-3.6541885404383514,0.5382869190902614,1.914141079618908,9.174944525700628,2.606690948882112,6.241768655333163,-11.373714854429746,
f(x15) = 5.0457075792506015E8,1.242149692605241E9,1.373411310573917E9,8.083748936820784E8,9.737242644357153E8,2.446284440695501E7,1.2087405802982233E9,9.153897279668624E8,1.1239783614569573E9,7.700068463558995E8,1.2447123511029217E9,2.52781605365852E8,1.0046019278089153E9,1.0688782599941546E9,1.137525313581094E9,1.1096802562692044E9,3.9652341097054225E8,1.1453607417185168E9,2.8705742002305394E8,5.122335225995817E8,4.5004365146955144E8,2.5480302232742226E8,1.0741473600934613E9,6.113620447151439E8,4.1665778114651346E8,7.323478438917409E8,6.259478022144325E8,8.965380660428522E8,7.298778573954732E8,5.764531803739588E8,
f(x16) = 24447.063000163413,14951.058920218476,20194.560671434396,12370.25743148288,10231.080648911508,5674.673037831788,6246.672267882346,9341.360778116092,7978.580738160004,14716.72453394528,15309.545063967638,19256.28365747465,4069.588266625101,14375.293465492032,20554.436110341492,7994.029890789304,16273.275171435238,6770.317846704751,9986.177635919468,12440.85692135819,3679.9177585255425,13439.367287095783,12021.330757574817,9549.60138347685,11755.173168885829,17668.751757427548,3843.1833051771564,7925.515718117788,7499.844477722585,12473.01288904009,
f(x17) = 23571.509851802155,45203.30154432651,37215.96719448462,31452.095406965924,39059.05495330299,9375.750834616623,46130.11131356504,35016.86214863626,39371.484048066304,37030.5488800679,38663.81067428345,22168.216151249148,37024.89058291466,35296.857053795895,40675.482711269964,49163.50038834269,24880.822348114532,35145.56455849201,26399.166548684763,30462.45600485275,39201.78183970784,23442.758853477648,32830.85883707394,36340.78757490674,32098.349198985805,29259.1075620142,38604.96014870965,41590.58410049911,29935.607953927658,33786.13622795653,
f(x18) = 228.18714410520525,450.1007895358702,421.87733951632157,369.4513283502538,274.79206022621133,119.59031568575834,470.34544148844367,293.3352756987223,285.4688638954074,388.20602983641095,296.41597907053495,285.3449672582827,374.6490772146721,152.72133285661832,439.62704426768585,525.9498768463982,236.80894292601457,334.76109910115804,301.22982264541685,326.965144536846,293.73013653415956,285.32622742072385,262.6195172778016,360.09570049041486,368.4079309044535,299.3898672152776,345.65364061800324,353.62478154366283,290.3104480651458,293.9473167852017,
