f(x1) = 7157.246936977945,4615.738113183261,3861.739537643969,9314.580195501267,1128.9867317451353,5875.8601642436915,7870.134262208453,1924.7855768371774,5796.510887862865,9407.873631167458,8161.091471367611,6100.305012049303,4510.903315586191,-718.5028931134348,-13.977222618217638,146.76271796900073,6019.235779821541,7423.184466708202,6613.976421370753,12958.748009866351,1752.1144746238824,304.9826788109094,7091.844790769021,5700.963937899866,6785.0831804042555,6032.406888441064,2471.653154152722,7431.876503514617,13376.579595760373,6493.731459039791,
f(x2) = 51333.44768528443,71337.80056839755,54583.852351861555,47869.83899316464,63847.29260008381,78329.3674251845,54512.06330498331,53686.84076806635,90212.03074145222,78025.2461134752,77346.55782301519,55391.81697760834,73487.93455537027,85425.56920097637,57383.398640647,74206.9833425156,84650.44424684001,55297.5411143135,94928.14308555168,58774.57866588922,83699.08928329691,77244.55672734776,58123.64062521891,55497.69553747054,58694.15890997934,48739.86776397477,63796.17387758077,65203.79349369885,47351.687431558785,69911.26107486837,
f(x3) = 2.5094115145813183E10,4.213875400540879E10,2.6594471807205215E10,2.513905316006453E10,3.091610257814949E10,5.5420022259393364E10,3.1889764395346394E10,2.4404805193602074E10,6.149753920161244E10,4.297803735372414E10,5.02603180975807E10,2.8367406202808346E10,4.250425810810598E10,5.737715386696157E10,2.6990079994852028E10,4.3227221640045166E10,4.784015124542014E10,3.2478017474183857E10,5.554189307473233E10,2.6956596129728176E10,5.272509515125063E10,3.920811630245466E10,3.0419890311491356E10,2.5622642123886135E10,3.0531655121275402E10,2.6373436075194374E10,3.449832605309327E10,3.3322387264974434E10,2.293854097779947E10,4.263664405572598E10,
f(x4) = 1080180.0408622038,1403854.0063094518,1098965.7620613358,1408251.250848963,1002681.6440354083,1212163.7232497705,1467522.1761832489,964898.4697619638,973985.3083019701,883829.5037876746,1249098.3516188287,1261019.7344832032,1304469.3782128373,1264212.4944618004,1487352.7785069721,927187.8512249982,1177511.095764479,1380449.5114371306,1460553.6141025347,711638.7224601596,1212054.62417771,721507.740132291,1149782.3387669711,1250736.24456787,1510868.759591161,914545.2555989852,1287983.8686467903,1523842.362664795,968046.9625097406,1157645.5210463514,
f(x5) = 431.3613057502677,412.93259368697164,391.5005937131798,460.4329752258335,464.17328814012234,449.4594998508726,344.67795926996644,521.5936832853422,406.3192243086768,316.2464084860696,283.42334390416255,455.67459994027354,521.8372331709965,330.1588266021834,363.2255026387555,433.86134661871847,402.01307747728634,436.66958287891856,320.08789001150905,398.01194638899096,403.73939286524825,386.48471961853784,355.00065564264867,400.4861691186428,286.44489845115515,423.79414100522007,271.34156008119595,406.875235471424,366.96565718251856,463.15067838833806,
f(x6) = -1.2306687879465088,-3.8650766550778917,-2.1350066543462694,-6.043577081364163,-2.21496645767882,7.081357529041693,-1.2762319050524742,-15.919484421094845,3.2764702065459095,-11.255416391128433,-0.9578018904191121,-2.450060539768981,-5.407964654362156,0.5410717378568474,-0.45074643626348554,1.0669860454442828,-1.0806374487808839,0.17429876459208005,-15.886673324363928,-6.054900812761815,-3.3781688924596653,6.788887429432242,-16.244103177425934,-13.67879839728565,-7.245458563995708,-6.58014725933077,-7.780104418333554,-1.814968422441707,9.994527029616268,0.3710990451317348,
f(x7) = 34.98794871135002,34.98794871135002,34.98794871135002,34.98794871135002,34.98794871135002,34.98794871135002,34.98794871135002,34.98794871135002,34.98794871135002,34.98794871135002,34.98794871135002,34.98794871135002,34.98794871135002,34.98794871135002,34.98794871135002,34.98794871135002,34.98794871135002,34.98794871135002,34.98794871135002,34.98794871135002,34.98794871135002,34.98794871135002,34.98794871135002,34.98794871135002,34.98794871135002,34.98794871135002,34.98794871135002,34.98794871135002,34.98794871135002,34.98794871135002,
f(x8) = 368.2698333608417,404.2476932932293,380.72551487419224,435.4568265558145,400.1615558707772,447.9611803110889,366.73286578272297,353.23639346816356,431.0781514723096,426.17705037124887,371.0635124434376,382.1739351760091,410.4965701895467,390.41386239956,301.7722711352917,428.9716017408461,363.8260686440906,330.3077942142235,332.08088461836417,409.32948967817026,313.13138628350606,412.0880051897217,382.6835586233624,389.651082883443,334.1763994956168,340.5740958418564,354.5578594716933,396.62197625537493,316.1238265953747,356.3394335867642,
f(x9) = 385.18225974625534,369.7572597950567,388.8738354294743,396.9190558605728,389.6136567605739,393.6961387066719,388.7072304243693,369.558612200611,399.5461432745366,391.742901500013,370.29474885357564,377.67151241161025,389.87986395197913,383.0560777369888,373.8196927056322,397.6045421935051,371.2399003522199,355.58442023550754,371.35350159729325,389.3608459096016,366.91501649622256,391.4208937124869,382.33414917266987,393.61554619721977,381.1423486343234,371.3453759373535,371.15822666367745,394.45026496458684,378.6377678347298,388.1024272309471,
f(x10) = -2548.099027311981,-1798.4112441653565,-10824.22423307275,-6835.046746492712,-6577.368923992639,-2342.670532277312,2427.796464076376,-636.0422208303467,-1610.5875597432273,2571.005583828162,614.3247415276225,1614.9457208982071,-5232.528129048964,-1954.021366961729,-450.2687683175418,-1834.1407237672324,-364.643572628697,-3615.432663304328,-5998.785875632509,-6270.668075683615,-6648.39973553183,-7612.599304039812,-1630.135839701092,-6315.110885785397,-3930.1979964036473,-8396.156434518685,-9471.150655206757,-1848.2630153012074,-2357.4938442867615,-7959.985109200314,
f(x11) = -535.5510507506783,-5537.107206892855,-1696.7850720629199,-324.97301057112946,-2763.4762071644186,-8623.92740619379,1731.8816489564554,665.707397495602,2681.487734292857,888.614938159736,-2929.4544012465717,4736.691633040864,6098.270076565817,-3678.025177359858,-2143.5846082801972,-3681.721617860013,-5952.942558150109,-1882.0139630544447,733.077827868419,-3942.983657125581,-2251.9090794408494,1523.5389433927926,-4444.650460879852,-3976.3549245573067,-329.84996202333434,-7768.487139777779,-4045.404547068667,-1297.925495710179,-506.55035477319154,-405.43496905792097,
f(x12) = 8.904337478786426,7.252209959098149,8.03546076106026,10.06184429699761,9.505208904296069,9.061374611734896,8.78260145264382,8.653056357499198,9.494444187630213,8.650471206018238,9.423915530818267,7.993720713223015,9.271546805421973,9.709372695533519,8.196486804376788,9.573472787986578,9.43366356636287,8.965303826301314,9.760035462038053,4.966490524372549,9.804397830488412,8.71242571615221,9.479112314003668,9.679644501775824,9.370673611304749,9.938828961163514,7.79970418101391,9.465142377161682,9.243763869647996,8.991650217671248,
f(x13) = -57.40312837980564,-60.17332837458817,-52.16625160939952,-65.23912747030657,-61.50453517828416,-60.08133771069573,-61.545616265124686,-62.55803138677377,-71.66504648577576,-69.32683171918765,-55.40944527518661,-57.767029857956636,-72.3048102096202,-62.21829799382127,-59.57390700764152,-56.83622048045166,-62.68285840338818,-64.8738865672621,-65.50157523298208,-57.897159269551274,-66.36610235058308,-62.03081406624535,-65.04522572459348,-65.5041549993505,-69.31678358340598,-61.90952734770587,-64.22042283595361,-66.31067512655574,-64.7937820936417,-72.89493380726617,
f(x14) = -24.44887195699132,-12.706032510840133,-9.166713115498656,-32.46783112301615,-33.21520825231412,-1.0278837618829821,-3.798447687221569,-10.590853486573659,-29.418603689347346,-5.924233106635508,-4.639982376596469,-9.540046633506751,-9.172386474277936,-0.3924946761945327,-5.623873483282665,-14.420008002464558,-9.501769491243294,24.35135346153377,-9.531439880854917,25.848199129762413,-6.447223031427258,-2.124630521437708,10.093952297839387,11.370139061104595,10.171242579975571,-2.3714184642983147,15.18373789167391,-6.67793647628273,-21.293857890013452,-7.801763291960244,
f(x15) = 3.0066966944815073E9,3.573149638601011E9,2.1365008540218961E9,2.706120314909487E9,3.2305548445410137E9,4.524258705798724E9,2.3266607017516017E9,2.4346031016000476E9,6.21997509689088E9,2.331157146769514E9,4.7884262414676695E9,2.5909583036894865E9,4.217240095732025E9,4.749948627350579E9,1.9632948611631343E9,4.839248096191214E9,4.849052434355487E9,3.4255430063950763E9,4.515467409325344E9,2.5873447956285458E9,6.282326541586283E9,2.7215356003873386E9,2.0719438395740998E9,2.25656953005915E9,1.986039301643287E9,2.3430852292783527E9,3.93725310087159E9,3.7661871252653832E9,1.4433704503120832E9,3.9878651862014303E9,
f(x16) = 37494.00036396441,21450.114503632572,35026.28400215202,29770.71692198948,30240.964690304885,27944.22412152651,34897.04784629319,14787.194129321544,35252.77971360313,18834.295100463532,17742.703960749644,25812.170690237326,12860.16067091094,30585.654770605845,24875.53186235904,22273.577064143006,12871.949253495495,30687.854068970097,29547.60533363209,25932.006443977723,25001.521565409243,25305.745216144896,42285.27676028368,42472.894631586365,16263.44013691199,25090.86868199034,23368.232135119695,39087.829817466205,22526.773552977153,35172.11421417282,
f(x17) = 52195.4010676129,72368.49431017254,55472.590407149924,48702.47771278641,64837.36329491775,79429.8066023143,55417.54461129331,54614.73699903294,91411.84646177388,79183.20050021922,78432.45983224118,56312.300627644196,74531.45536173163,86582.19218386147,58331.747552904606,75317.80903566026,85838.09718807298,56171.61738837155,96208.24962894559,59729.80295166727,84871.95206254546,78363.99023372383,59051.951692951625,56385.613221342224,59669.65079633654,49567.37895968916,64723.35347090123,66243.1228075035,48192.06585395913,70944.13795701148,
f(x18) = 449.4013921879586,675.520261437012,656.3938834317397,480.0896302431634,669.8351048492079,697.8205854617157,649.5802743701611,651.625320795405,668.8476719837764,686.6652586610866,719.9149100743762,540.7078600484379,830.0931140215291,656.5554724518211,497.66174450122645,738.1047780429005,647.6292374777462,624.8012166480837,685.4064713580856,667.9678214591613,751.6031596028397,773.2984549005105,643.9526738620764,564.6018225136625,693.6677424041654,514.5932724235532,591.2265674749592,553.2649380639532,530.1423237684226,613.8580819820789,
