f(x1) = 11652.662437591895,5968.556218386121,13319.93816835354,11593.525332850819,12399.415066910913,12302.73325106258,12304.407283204779,11053.527549470698,13518.887603790849,6296.784361895313,2840.2330970100884,12273.113139020428,8290.17223953611,11935.23337917463,9249.191167201921,8330.778435771317,13758.810667649785,13208.164706744787,10501.787481479041,13023.821566288649,20440.247008767656,2313.9289920668616,14447.059489749015,11720.496044910591,5466.840891984915,12876.397218841003,3519.7115969369224,11238.366227978313,12065.007099567136,9567.649814692773,
f(x2) = 113386.49045043407,78615.97602473792,110652.7554026345,109682.65748957533,103943.94064550646,112532.2385057675,101515.73796871884,110158.55513261192,86967.34676934837,111110.81677099141,94078.64262036102,112258.24289803432,84224.16825093038,93721.09814867355,91720.89184496154,64895.96709977902,119633.46602030107,94975.51851334321,107548.09068063031,92842.03523412695,81435.17417872482,108640.70760557544,123913.55045830544,112196.01278254713,106965.86469180687,102771.36296903169,98674.9730102926,91626.248883703,116067.66897147665,81565.51056444582,
f(x3) = 6.064831068012935E10,3.778738837273712E10,6.7408888610793175E10,6.476413630640626E10,6.0143389759870224E10,7.314189840233795E10,5.9437504573954575E10,6.661306016088438E10,5.1204791065658134E10,7.006906676657024E10,4.8491346121662384E10,7.397218813356766E10,3.806140890276822E10,4.811245574376506E10,5.022745581054505E10,2.382915850301027E10,7.335475360957332E10,5.2948390282598114E10,6.8584630087414444E10,5.616922459445586E10,5.66984398291641E10,6.191151334382969E10,7.909300328348383E10,6.535527032698757E10,6.331527255342711E10,6.5126954661146515E10,5.9763086958804306E10,5.0131952489545364E10,7.574671744472218E10,4.455620387090807E10,
f(x4) = 2616857.978030857,3581493.3841623385,2514844.44260051,2955327.5064995973,3011322.705458667,2487370.229755969,2488022.4813424055,2993832.4345100746,2838895.114077922,3006456.682232937,2382629.3394307788,3132381.1743099475,2597519.7387976856,2783898.1911587655,2687071.451376508,2567857.195328504,3171665.136482481,2847934.7908410807,2429016.7167996154,3135313.690560279,2815706.4542527623,2564251.67790049,3568590.7716578506,2728911.908631564,2629744.728590944,2829650.515331486,3427205.02336774,2419034.4118776703,2754631.409598812,2912383.0977801997,
f(x5) = 667.6349444345814,671.6917438329108,612.6704620136823,522.6611469515193,678.9770167181167,730.3611126927445,629.2479594706019,694.7588179572813,641.2653386210524,716.9409906642134,700.7647842706151,762.6768198029386,482.5348487862018,815.0020713495892,931.004011758608,541.5379613327414,538.0920948797782,733.9184053698723,629.3586111375585,686.033518708607,534.682851650863,531.3137230407399,755.829138896556,603.1674918578225,469.0013793087401,930.3567638855523,602.0781797144856,611.7912653070832,745.3215507376299,532.4838706883843,
f(x6) = 0.516502817738091,-14.198906040515595,1.5387041268300201,-3.0878208133945986,4.0206972060270765,-3.512951193256451,-0.6315175759761327,-9.973733108413228,-1.0014629059139761,3.108607458404787,-1.502139454364444,-2.8862739367194887,-3.4226425526129365,-0.3263580645267118,-1.8211546430367638,6.671370962097232,-0.7815299996121786,-7.0622163938622515,1.4810719015228928,-2.901287613435681,-18.811024872813253,0.7631770231589874,2.6834213871321797,0.18197058795523102,-13.28044774357208,-2.6099893274502186,-3.5400314661974885,-18.025113481848624,-3.375385311996012,4.630005618410124,
f(x7) = 53.40265855942901,53.40265855942901,53.40265855942901,53.40265855942901,53.40265855942901,53.40265855942901,53.40265855942901,53.40265855942901,53.40265855942901,53.40265855942901,53.40265855942901,53.40265855942901,53.40265855942901,53.40265855942901,53.40265855942901,53.40265855942901,53.40265855942901,53.40265855942901,53.40265855942901,53.40265855942901,53.40265855942901,53.40265855942901,53.40265855942901,53.40265855942901,53.40265855942901,53.40265855942901,53.40265855942901,53.40265855942901,53.40265855942901,53.40265855942901,
f(x8) = 549.4196981793763,559.5711824784074,577.3862128892389,567.3567824206261,509.0807411756572,531.2044681159748,605.7447430387306,550.1983437512488,613.2929377746179,631.505845984509,645.5933218488694,711.136684451632,567.6690864313382,530.59610472278,580.0305278554532,551.418578573101,534.7059558087832,589.7073349579947,636.6219261435866,636.1729847810276,642.8736110721185,444.10586545749646,556.7416910241337,573.5511818969185,540.3897722167061,661.0831685861269,586.5581117954831,564.5856022730517,480.8257478290115,572.1979119575772,
f(x9) = 584.7211289807478,569.6655573549947,577.9259511762069,585.3893269867616,570.2325521994732,572.6403877910573,602.0522927228099,577.5534794562344,595.5083862530852,605.2156223434487,582.8057093762434,602.5770112354364,583.9563048762851,568.0707857208347,597.3603761627788,583.3333494402639,559.7905771540098,568.086277041874,582.9426358666268,604.5924254443552,599.053054447576,538.7515235542567,578.4217026536028,590.6432126003488,581.5855762562254,594.8981571993413,586.5954630331221,574.030693157305,543.0033445808394,592.6652694670441,
f(x10) = 1974.4061740070972,-8446.306521965307,517.3744062008002,-3789.3072588788636,-22423.742701923184,-3686.6831595206395,-3787.0676089500967,3440.3395634603257,-8914.933647664346,-4864.329223416647,-8439.846742902148,-11413.14790008149,-2978.065393217663,-8609.373316454628,-13829.256752935937,-16479.12535290267,-4892.235624877458,-7813.302293598059,-5522.31750419782,-6498.916513703657,-8219.518377627806,-10455.19046754399,-4904.2312749922285,-17890.944105427367,-3320.676017909907,592.3170412902675,2169.1285410001683,-10821.598572563385,-3935.3742918123457,-3390.9032688772886,
f(x11) = -4093.2460601528387,-8691.463261480814,1249.8282901140883,-1597.5336673234774,-711.2658445410636,-3604.5202300432825,-6980.954238637586,-1528.2731281645456,-3303.0944846552543,-1018.6790094546019,-831.6164788943563,-5247.860229101911,-1738.3878505559574,-2362.0640571131066,-3512.338745377589,-7648.085300335221,-1849.6853906573128,-7768.041328788271,3796.1126580022833,-1452.8535888693982,-5280.165711862717,-51.30609627728795,-3575.39493352462,-761.924305138085,7451.202909066305,-5938.593494372752,-2888.4930307422137,-3853.2715903564244,306.36060915030197,2795.534574072641,
f(x12) = 15.012919431316064,13.939024426887885,13.258027596797424,14.457642819029143,14.282034339175395,14.443322828325512,12.290218141744845,11.787142045985055,14.292996442132939,14.730463697327389,11.34442985918713,14.388991986249355,13.578976071085846,12.648902389556307,13.042652545097447,11.561632008826939,13.155794168520723,12.680381994858065,14.923063195143863,14.070678796394409,14.674836319464074,11.330440151847728,14.245188496979644,12.880804100469039,12.880802022574862,13.245307686476826,14.472871559176367,14.807901071145688,14.017383536958194,11.712217734148968,
f(x13) = -92.57670141626507,-105.65923677022829,-101.24141085956599,-96.7918905310995,-97.03598573401204,-94.07451997405074,-91.12003122387834,-91.3686564918801,-110.0667705363792,-95.70730126707853,-107.54386143935426,-100.34954149406303,-106.93795767042329,-106.59082755810753,-104.16961164284417,-104.73412896617194,-92.85778537390236,-107.77378080654518,-108.4012758999615,-99.28357135681276,-96.19298702342371,-104.13457440031638,-96.03284992567029,-100.62020009882296,-98.62741832498241,-100.97591925760285,-95.01428813963769,-93.24255105822722,-92.05838662480534,-87.60991951493445,
f(x14) = -21.4751542807361,7.220966262124005,-8.693388254306676,3.842523339031785,-15.330593724698286,5.131151703318199,-9.073612987575734,1.305433707438084,-8.337788372939839,-5.883219068490804,-10.281785302335773,-26.116791748185477,-1.4480650357717275,-30.59966926076381,7.574561216031368,5.610059431841045,14.431555711533944,0.42067611971419533,-8.493418044516003,-1.106906361905684,-4.513119396346418,-0.7351443449750734,-16.928630742617624,4.696812790801679,32.44976049656365,-17.83073613481812,-13.393732540599519,-6.751406967580766,4.561487179885628,-33.40382492756318,
f(x15) = 6.160136796681303E9,5.039110409398195E9,9.889008232158386E9,1.040002824516646E10,8.001527292141161E9,9.570164093484812E9,5.995855578511005E9,9.950100158520563E9,6.883595672069215E9,9.121350538874886E9,7.774973852211086E9,1.1227537103240871E10,5.426779033010387E9,5.955958104740563E9,7.784192602302722E9,3.660177011019544E9,1.1692048902774075E10,5.944172854764505E9,1.025359638966179E10,8.230958002121391E9,5.107020768222966E9,8.395820086197972E9,6.941702254820854E9,6.790294354764378E9,1.0229765450338001E10,1.1091827495488302E10,9.00303796961875E9,8.811161835953056E9,1.2134012971097456E10,7.873064054821652E9,
f(x16) = 40539.92635808819,22686.113077805454,41401.58382524816,45000.521415880845,37782.96166120473,35459.2138349662,40089.260009125195,22279.764414511403,34255.49937259042,40167.30958899409,37865.6525401718,45062.733283675254,34522.31410692038,38142.95582520257,29623.30312072367,19679.08026225898,46073.001407606025,42229.08946156801,27750.300349716887,42211.35375161722,39924.91004563519,38775.09005055922,32983.80697177193,40825.73152966566,36556.37263237568,44515.09355761221,44642.95737055339,36555.829729913065,66349.49024267562,48072.58179890864,
f(x17) = 115084.62325225965,79934.85959543416,112225.42189478873,111324.06931433217,105520.6675561147,114190.45724956215,103003.2582210501,111785.28727338639,88308.03607330896,112709.89027251878,95588.40394427163,113871.3645153407,85591.44397552082,95222.23870093204,93187.85356915378,66047.29300571396,121334.067940091,96346.9859505033,109114.980777304,94287.37949735325,82687.8141881783,110241.24066670187,125668.67568478438,113812.6435656996,108526.1823643824,104316.8125013356,100170.30008038826,93086.93473123387,117693.32265268374,82916.40099412449,
f(x18) = 1157.6162305772452,843.7144723890522,1021.5495473889896,940.9536522389535,1118.9355550015691,871.3474724713511,834.6934916000771,965.8643189357317,740.6256361405127,1078.4803345184243,963.2266970458309,1071.7504989805927,1055.8909961638199,1004.1198479146555,939.7192071243608,782.8201552336099,1062.742628759941,993.9235355057224,1062.2600006067132,1028.0860913799856,779.2962239039013,1056.7832809334964,1065.2013003827374,1008.8297877320139,988.164079286804,1134.258823297865,868.4341026770674,833.0687903509545,1136.5223524503085,644.9655686353531,
