f(x1) = -3899.629523515263,1658.7228226673901,222.33709252083008,-462.7658907374762,-2441.0169253941467,-2386.452399840019,-1379.777470539826,-3306.4327564533287,-3043.3533884626713,1137.618658186072,-5148.397181262557,1340.4297922433211,-684.3651389727074,-581.4264038464562,-235.69363612688267,-3487.5160384700503,-2081.5830527067046,-1144.279684383926,-1365.1643282512177,-99.39708690978478,-1549.7774635243213,-783.4956229666604,-1589.69781742947,-1212.4387922757996,-1638.9068199928006,-712.4593764497831,-335.01043035709336,-3511.5475309443373,-1149.7887712727425,-1676.6089817265856,
f(x2) = 77934.14240771267,27049.889768967798,29174.0453109369,21877.364516747723,30535.834364732436,84919.99156880111,78357.37561671987,17741.412018619925,40698.70402777721,60041.28501414649,67695.25881921523,26200.92563128851,42348.95539223531,28479.76466332115,83834.50392929802,28971.649181259,79268.90240648916,25225.175165070403,83013.73120994771,24882.03818330231,21449.533839212432,20125.433542353112,28965.88988948514,24577.283789678004,100161.47157510553,71266.38778556681,30887.506227077745,26626.75970109399,33729.91581062545,83712.49695980977,
f(x3) = 4.1102964073527725E10,1.5387363866720243E10,1.4624459521263004E10,9.598676703527122E9,1.774673150979357E10,5.485573942311901E10,4.2288774058518265E10,6.131264677920357E9,1.6599935195073668E10,2.7566181885069477E10,3.065630671995683E10,1.4856472577066471E10,2.8218580070005116E10,1.527053651155655E10,4.1512328786472496E10,1.855132704681156E10,3.5340398708019806E10,1.1205255683746288E10,3.994166570067029E10,8.33731225235191E9,9.620898085241287E9,6.15720765530564E9,1.4510923540057804E10,1.2962526269155376E10,4.558025752404754E10,2.288538546039133E10,1.846188411774547E10,1.2443366902558619E10,1.906222844704515E10,4.200604319140209E10,
f(x4) = 612175.3463680117,229207.6030288186,308006.02753122075,217244.46555102573,313730.8530068211,662339.4919120836,586275.9019984761,204595.3257403407,646097.9117070537,668268.6308039404,466157.9604069928,319963.843230445,283508.9228468294,335237.9458312876,885911.3262496943,274127.31894128805,523472.7661895069,285537.2337506979,639446.518734604,124799.16890365793,193032.82097328012,278362.13423283596,276219.18130034965,295608.52106896124,892037.7363271286,492535.2695524094,192632.4769160019,300496.35560425755,346813.1478716578,458751.45180289575,
f(x5) = 294.32662148627566,210.37917827015718,189.9561182919925,208.28188857198225,318.1903273293141,539.2456333383903,461.59349806338435,191.03341960961794,476.4158542120558,286.2303543929731,339.1631834495802,185.68048588716485,202.79027103886864,203.34200056466082,626.7377441232506,154.08655779305332,337.4722373116065,151.8600882515002,756.8602445104005,131.1736308392717,165.7050974624662,163.87868661597255,173.34154798567656,246.0557798003607,715.8339412256761,395.1974054290811,131.24326518660442,221.4434889647207,286.88250461932085,367.75849022528155,
f(x6) = -2.6128539980388883,-2.115407290125781,-6.259055614685083,-5.034746176604541,-3.5246965261275838,-2.9183856457968163,-4.896688364816894,-5.643524057531717,-8.566174796260523,-3.6619595403942844,-2.271388649788186,-2.71183856006692,-3.5599467569755014,-3.6439571344652175,-0.603423669569843,-4.574393652756693,-5.586139522423179,-2.836273837816066,-3.7675177877794774,-4.79638055128321,-4.197431228020065,-1.723602925098196,-0.9467640013363219,-2.0315600982719744,-5.446607207399086,-6.931730911172829,-1.8348418407871794,-2.049887400530569,-8.547892138290427,-2.4152883088184813,
f(x7) = 33.14647772654212,16.57323886327107,16.57323886327107,16.57323886327107,16.57323886327107,33.14647772654212,33.14647772654212,16.57323886327107,33.14647772654212,33.14647772654212,33.14647772654212,16.57323886327107,16.57323886327107,16.57323886327107,49.71971658981321,16.57323886327107,33.14647772654212,16.57323886327107,49.71971658981321,16.57323886327107,16.57323886327107,16.57323886327107,16.57323886327107,16.57323886327107,49.71971658981321,33.14647772654212,16.57323886327107,16.57323886327107,16.57323886327107,33.14647772654212,
f(x8) = 337.16671837239113,168.4878521061313,207.80812550562783,184.9468880495802,188.20391459455283,382.4788412307329,328.4124134683686,111.73758130645881,379.15575733030056,364.34241655667466,382.5781354957585,149.26716574067592,102.16001959109728,81.84066393226237,549.203483726834,197.32102152745975,322.9058611086627,212.7931816098343,716.6244403317463,135.64440382777218,207.82829230308684,231.80281609673543,213.87869791650027,171.9426173268473,472.08475519549273,329.46520700722,120.87220442867233,181.35485036660089,188.37882885842686,330.8296781274281,
f(x9) = 366.3025279674833,169.08014412160642,184.02068810153824,181.94956553827421,188.71870748852308,373.7287642782855,356.11283085505715,170.33840444938446,368.13977726588183,371.0292622020362,369.8568643537637,164.71420998869917,162.05321170257187,142.46875099522947,538.2804586572247,186.67944431792463,336.34376610051487,188.53477055418165,565.4389831328839,173.69512175605055,191.10858286375785,188.53796817183525,188.751319567669,177.69989709163633,501.9208377248326,364.3742140326743,170.06748387709976,176.84173802744561,181.93083894521783,365.30889952148556,
f(x10) = -8502.545554618515,-6850.6864951378475,-10145.249593972903,-9450.747463031072,-9951.337340055967,-8209.97899171829,-4385.2125718752695,-11714.040737587977,-6815.344945657034,-5164.219263010959,-5966.816681830875,-7598.187611006209,-9870.272117660954,-12239.032493040346,-9776.301707223789,-6518.400062786823,-8195.338386085345,-8087.628239277473,-11158.939211584924,-11752.63589162601,-6087.849626240257,-7947.096127223245,-11769.09230217312,-10024.4375794501,-3425.4675730288736,-7483.124685162907,-9045.385014174115,-9376.683669699445,-10048.174776332778,-5707.463842832353,
f(x11) = -3225.559391390168,-3405.128327343533,-4978.019986747211,-6104.065282812838,-7872.044134877323,-2304.9923385897637,-4499.506903573873,-7091.814146733417,-6999.156040210328,-5944.277142979095,-5053.16744410646,-3215.0728183399124,-6183.759898003931,-4412.6402816359205,-5626.491209110216,-3289.991980780473,-3352.570058761652,-6596.257438182017,-4026.74880877669,-4057.974032393832,-5133.892658238085,-5012.66915324899,-5934.336220284569,-3995.8687558550214,-4260.814164917046,-4048.351500789483,-4121.506036204409,-5367.207305693388,-3271.002431786949,-10100.049215720119,
f(x12) = 8.97892903960665,3.2715164964553916,4.504465679197346,4.528440349869193,4.315713277947702,8.999764974861533,9.11633003889881,4.026302951112659,8.641137426493268,7.244015837621899,8.218207679013217,4.349691741355426,3.9374115203114997,4.480585246850576,13.084609183928418,3.9183172234205785,8.058267359196503,4.702563061404073,12.563092598508232,4.496086606374196,4.449284079605613,3.9773191384087188,3.6605480586301375,4.960206793081642,13.696106935435012,7.649434570400819,4.472245231902759,4.498540632986118,4.501224774995933,8.272830684941713,
f(x13) = -34.012575372438896,-33.875691220470166,-36.7258112269657,-37.389613376446206,-33.310900963384874,-30.489694158725946,-32.060329929038694,-29.779034004891955,-39.51381320647895,-31.66207970344238,-30.324978691557366,-31.2048282549852,-29.82047637626737,-33.15112769562626,-35.626522594073585,-32.267998767137456,-36.03775287988633,-31.897404255638154,-29.610560944066844,-33.1188403692045,-33.01457001187129,-31.842566036953954,-36.32908935812902,-31.114601620146413,-32.57118633540449,-30.890164301653222,-29.96520187313786,-31.726639306867003,-29.14387922332518,-30.320203200025396,
f(x14) = -21.388958577464656,-11.962744000288344,-20.947493403903103,-18.792793579491487,-17.99204650099904,-17.381165532205777,-15.42514258437782,-11.14591618926018,-15.88835202506838,-12.91965830235416,-17.244580563262954,-17.459211851761125,-13.707827563373835,-24.186445964932386,-12.371445123054354,-20.26509192727776,-20.435627219674767,-16.4080057496685,-30.476457160266623,-16.10024699939807,-19.348926277900073,-16.52959611665365,-18.658210932587348,-13.687926914071683,-12.025455654397941,-14.656213108325987,-16.414776145516754,-17.170707130558245,-19.063989097019956,-18.922712113435804,
f(x15) = 1.8573930841219783E9,4.996333358638915E8,5.416284525413616E8,1.2347009376133212E8,3.5583906939982164E8,1.8699775786144867E9,1.7890542577529883E9,1.0095922526389664E8,7.353826112537655E8,5.2115401387995565E8,8.59140338120184E8,6.528454189406483E8,1.1308529982188327E9,2.4294704320242724E8,1.951637050994981E9,5.584836249801568E8,1.4042491494167333E9,3.884752704121198E8,2.0146432952644682E9,4.613915095824091E8,3.632775203150454E8,2.80712153161219E8,6.394235005245746E8,7.155703084613017E8,1.182106568091476E9,7.119265260426412E8,5.856653169159415E8,2.8237601035412866E8,1.1018315226464772E9,2.1634681193071814E9,
f(x16) = 28720.43715585237,20021.890658326338,15202.448272883279,11653.821966171814,3326.7173476854164,17006.388322199702,28657.518050222072,6610.776356004021,17808.79677794256,15669.788596793045,16345.827485608681,8409.591713918127,13850.358156244176,12070.88312866946,27324.115411009047,11430.977245069793,26973.16661793166,4603.112858392135,35818.16880432471,13924.345157551392,8158.046554751947,10944.107757968732,3812.8006695772538,6718.729074602257,24187.602650857403,28522.033071198228,7314.301957930362,7403.896559777658,17456.12234233185,17405.526736815937,
f(x17) = 79228.34513732762,27490.942057518223,29640.76547412684,22282.08170831381,30982.88561243768,86057.33834448941,79477.9836655579,18109.14491727807,41440.86402199648,60989.80821057414,68744.56275157614,26640.511214048827,42916.42634322962,28928.702765419544,85156.62809206337,29421.053543686627,80442.51569655378,25686.724274214506,84400.18284817979,25312.00918038709,21830.50146854156,20537.830475714713,29427.05827584136,25007.47995473129,101858.61113841226,72567.79619593028,31355.96245411448,27087.301329322847,34196.00105592825,84830.76164454751,
f(x18) = 719.5238579832243,269.0985705542646,199.28732115119632,179.3972420602899,207.30924464753105,818.0699708726975,734.4830488501765,229.1372929994129,563.8407463606544,565.0172041952828,644.748067107526,262.3628095976946,377.17953350843976,229.7053480367147,752.3227503722444,290.47499226399856,718.8971560286603,321.72333466884555,920.4919419799933,278.2089155032094,176.61154291845833,269.5707293951091,269.81001637848914,323.7570821808878,1045.5130311350076,639.7951531209629,257.87786102599534,228.41786235082898,364.86901054603686,611.9509370537754,
