 6245.094070882873,3386.1033677463656,-524.1257592391012,4056.398111037959,4307.161990329285,5586.84817924434,-7385.527291284661,6148.697906098444,5677.254367713737,-1686.118356642044,3578.658330454111,572.5584040094582,3999.6310190383792,2254.8080612768554,5520.412556595997,2340.6058330250016,3945.175547477782,1514.9151564352178,3917.9806445288505,4014.030263941653,2137.2382347536513,2131.565728945885,2070.270889765785,6121.43695926729,5658.873913954247,-1879.521701918331,3193.742983226968,3651.066730361479,6611.353265183706,5433.782901715297,
 112626.48761056,83102.37243950614,115531.27774595113,99471.21375824511,79632.3484700603,111618.98034889314,162316.74621894912,194925.39068182386,113539.32636872085,363380.5674623701,193553.7436456488,201027.18561383698,354738.1017937429,132855.20910378068,107127.33910704334,92677.81478026313,119978.72301831763,96469.11545531277,210408.02767914106,85953.59461034113,99514.39046085431,91687.6877601689,90750.25770545141,301934.08931850817,97002.76386102574,81936.28964425628,356506.95348477707,208047.7719643891,93715.32756624177,119079.30018167985,
6.4810039132020615E10,4.90199671651829E10,7.655162394267351E10,5.328472491735682E10,4.004318391516424E10,6.587276820152655E10,7.946279438277637E10,1.1170646031174327E11,7.187552905345477E10,2.0888425764459875E11,1.1634790743354802E11,1.103772700617727E11,1.8839026882806665E11,8.816219584562996E10,6.751043571939709E10,5.018927114285163E10,7.487363356878627E10,5.3674287467734886E10,1.1913343233188722E11,4.8818809260008224E10,4.731855174523009E10,5.5183315787142815E10,5.341028959822495E10,1.7872606629798615E11,4.805632713070852E10,4.693220885473888E10,2.0587937974756976E11,1.248612709569554E11,5.7575328256960266E10,7.663979635839195E10,
2435687.710983361,2558414.089720301,2791110.1982925576,2496857.423338707,2661858.244990899,2765511.348312724,5263893.761596592,6909786.518556023,2062974.4591208193,1.034718665330574E7,5672224.253333725,5045782.790521315,1.1216843324453074E7,2713177.552318248,2728888.8697218765,1538643.0182563674,2720558.786469102,3028267.000281003,3796607.1797276163,2689857.4483114826,2017017.4827050206,3223404.658242908,2714359.074628679,8120135.921585011,2081959.2624216897,2807408.2409556177,8959220.38696797,4977281.063997303,3351015.0725366254,2338554.5400271215,
395.0239009468809,525.592910819062,504.4065232054903,531.101737125903,669.7607629166332,707.6204764522299,1290.477812561668,1265.4870576238575,523.3963908333436,2411.4057078523,1335.7814606316492,1103.6443354543055,2168.9154048769105,671.4368913897881,603.9060780808128,686.2461811017926,653.4147868109017,387.67534468723795,1121.8273178728052,431.2279518893671,552.8612120912002,672.5461222092296,426.14817028914933,2142.8537501506867,480.7792409622944,518.2914441426053,2109.5383760467507,1018.8130793622496,565.017720287973,608.1447925956979,
-6.343811117162599,-19.75548310525747,-11.733839878911084,-15.515761126700145,-27.00203903215608,-15.807543481033976,-18.072487431744563,-28.970395307949573,-18.108640804980315,-12.337290582386633,-20.82707496475495,-17.008471104040765,-15.570304218587506,-12.913862277720643,-11.789883319451345,-19.51260503495931,-15.924702081516267,-13.484340331863816,-15.614729995616317,-27.720651999700905,-13.17694654959381,-12.705227260387948,-11.220048834124702,-13.146650068908409,-18.789796921316974,-34.49605331197177,-24.233323047424996,-9.530381771307802,-8.443892968968782,-13.437834952825765,
53.40265855942901,53.40265855942901,53.40265855942901,53.40265855942901,53.40265855942901,53.40265855942901,106.80531711885806,106.80531711885806,53.40265855942901,213.61063423771617,106.80531711885806,106.80531711885806,213.61063423771617,53.40265855942901,53.40265855942901,53.40265855942901,53.40265855942901,53.40265855942901,106.80531711885806,53.40265855942901,53.40265855942901,53.40265855942901,53.40265855942901,160.2079756782871,53.40265855942901,53.40265855942901,160.2079756782871,106.80531711885806,53.40265855942901,53.40265855942901,
545.4879968841817,517.3380482685991,507.7452889408031,596.4372438035042,455.7771255582507,614.5418875181258,1119.2632532628563,1137.0669283522552,489.90957026839413,2432.5028755158355,1265.6343781782866,1082.2437508457378,2335.0617710783085,537.4774581659332,571.3937231907348,534.5899268013873,699.9657181036949,588.7206235109245,1226.4616359084755,557.4571637548719,538.9468899549677,611.547791463474,632.5125055849057,1753.8935364337567,624.7704436376637,512.2508682863781,1629.5175096209393,1194.583239236833,566.0934846611262,650.545219520365,
569.8194924899868,555.7558717483279,560.0574744181184,584.8321584371911,559.9053625851238,597.8964177371483,1184.7813550368257,1166.688037613072,545.4479867279632,2354.818518556387,1185.1449026737264,1114.5172570637826,2341.9725009608596,579.835832797225,583.7222307024666,573.2538289592255,602.9487471148186,594.0305381279406,1180.6006825707095,567.737044644719,569.0560156571021,578.3910951980868,598.7307975257182,1740.8595109021658,598.0202410625391,569.5598147782741,1710.8419977627925,1184.848471092052,595.3720660295992,585.9753136618325,
-11237.634974086543,-18951.982542639595,-14326.968443410431,-14351.337156545345,-15436.873645962205,-14469.410080005327,-14648.23298515406,-24718.522293673504,-15496.108895584255,-18992.951194186473,-18492.357891158284,-20017.185641005985,-23287.62334503085,-18540.77386794172,-16714.735485910292,-19259.858117095,-14947.511016013386,-16594.259404341312,-16539.503241625513,-15130.566671222366,-18281.927685864386,-12896.65353735797,-23569.24272218221,-14659.330160567235,-20342.44448474939,-26744.913137655632,-12239.174388154488,-13812.86267448208,-12837.014770061523,-21189.005012911737,
-11222.026453699184,-11597.166261216162,-8476.917723973424,-5973.927919006686,-12856.335515614206,-9564.623594590614,-8766.448278114594,-6762.606176927107,-6429.010382914236,-11531.726569928165,-15102.024344890628,-7559.532460402707,-12232.58415545681,-6634.274363802908,-6716.475942719792,-5952.782162949054,-10261.624406960733,-9384.799443641501,-11445.654852575486,-6595.751343640041,-12854.783712556417,-4496.6456059633065,-6945.764555024075,-7894.179271193212,-12317.798016928278,-8959.931189944573,-9643.30280725178,-7278.255728957518,-4491.328489844724,-8419.661478191909,
13.705079169473734,12.57614790178753,14.595956215011352,12.045347711710939,14.466062415656655,10.990721970582898,27.5648260870524,28.46792189736166,14.886341227709666,56.72623775193038,28.755040963345127,24.837993404904523,55.577421722614815,14.604957962248655,14.575857508655945,14.421576306190335,14.68570223221364,12.960188876281043,28.917622934162306,12.282834490163305,12.837636988325997,13.654455738578992,14.209848691492752,38.96072823006945,13.451381829674448,12.877913972007137,42.72788522508636,27.235958295359147,14.018959889909297,12.359401440721605,
 -110.28746048996413,-93.69966261200032,-100.94659357458629,-93.01598770169089,-90.1410081244771,-94.18548715908416,-102.90642642961608,-107.177403940194,-95.65494520178308,-110.46697143094352,-97.27762820284102,-95.90241847270107,-98.0310966603574,-96.33563441531243,-98.66116288666814,-102.52573634864784,-97.50914343696353,-90.02173793293986,-98.70867491101444,-90.07629325741145,-105.90220090536398,-90.48327375519028,-102.71241969942366,-102.2874806695446,-88.83142581353769,-106.03963436936657,-100.81711516759721,-103.01493210002195,-104.27563170034028,-100.49319595612234,
-32.48382299748081,-33.600070539121035,-29.778347498285342,-24.59058171615709,-21.007969159240798,-24.78594458745157,-29.791815417678023,-24.028336612989154,-25.73012984923521,-30.954856921355294,-46.95613459063482,-26.367404708033447,-37.42686363446888,-20.883667037345234,-17.706068183008345,-27.495905940412456,-26.799908686674534,-36.99191550226791,-46.49664568135052,-27.915845414325236,-39.67908611726666,-31.451587431629427,-24.880848882760386,-32.4171264392756,-43.00113716139856,-23.87175631178775,-46.24949032933946,-20.7063417729621,-13.809311994026363,-27.63056071302198,
6.44348034279823E9,7.545592250210848E9,1.1939030323187325E10,7.307389347519541E9,4.0705221581870313E9,9.057062372366367E9,1.4179576474227901E10,1.7740341199526005E10,1.0064816799689302E10,2.476264657474084E10,1.6564099897629503E10,1.4519657833214474E10,2.238841663113321E10,1.2762947886386322E10,1.002779901095045E10,7.610373186013849E9,1.2893589552146818E10,8.477223886186187E9,1.6815885698297066E10,3.6866526783679733E9,7.206397264379189E9,8.017797198979244E9,6.954790478518981E9,2.5188271731618954E10,5.7538727355004E9,5.682255775867121E9,2.7757234816680843E10,1.6366394607498247E10,8.4652125774454975E9,1.0540365562692991E10,
34407.24546417636,29515.939190593574,34981.260800881704,31319.348115302448,20705.544303278097,18453.563412368447,74548.51438693555,81880.90845978068,44724.12304431018,136563.39270967277,64458.275985305765,66529.92128359323,147288.00597319694,53969.46744871055,54767.832140610626,39997.99341078889,53775.99159513369,54286.797967612096,65408.81409635973,43106.391111801604,25461.557087830497,34519.277183257924,41366.08706933494,131133.59222318142,40671.33511482042,27885.543306082847,119067.31800291521,106590.9616220995,41843.566282204,32554.30823215559,
114243.14784294217,84378.16880597488,117144.816331196,100988.38232227294,81009.36675623148,113218.62894490937,165008.19214917725,197916.11641598967,115155.07880532798,369010.74222834216,196396.35480786985,204057.78035067825,360458.8592722979,134663.521920717,108623.38308737014,94138.8731782397,121669.58374917948,97980.49284117662,213487.97518888558,87320.13076482469,101091.66158089747,93088.00002963643,92188.09438575174,306429.79511813103,98501.60207998422,83254.67912748834,361726.05270419776,211114.68493779158,95128.43187967202,120754.60207231391,
740.0688888412584,786.5293056450465,1069.8903276945994,915.8973321068821,1018.1513275220758,1017.8135324639285,1852.2320876778685,1861.099417087042,1116.2937788488312,3624.0135306613975,1951.424535339529,1934.841813741033,3834.099538544328,1171.951002426411,894.1386339103891,813.4361013277012,1095.906292541699,971.1958299186458,1996.9633428162415,903.4288518508373,1022.377275579628,957.4948601247098,1006.9164894997501,3082.0210266081535,922.4714047024534,851.9863167427177,3539.3605076192407,1936.0423240732887,960.5655852209802,1019.8476743981092,
