f(x1) = 919.1441899045421,2392.6680882337178,1962.8756652971451,2752.2824133220183,-6445.460682315395,-640.9993947512157,-1776.2404929037857,1285.629422872572,3076.590720969708,-3448.375028963259,2454.0273497740636,1572.7845107863468,-552.489476040806,1788.1834682945064,1274.4401806416972,-2238.7769881388467,-367.0389417883216,1533.4206857982672,40.10677870266409,4446.1525292649385,-565.4571801673537,505.6124833769318,-1545.6820330010887,2577.1315544203517,701.5323800714032,-22.92192921262722,511.7962090837518,2219.3023094111695,2699.898879918761,2530.720476584186,
f(x2) = 70555.98152280091,76501.50098944559,46760.15300349608,72891.76258548853,150259.64190516566,200830.43662154622,80157.16713171506,200909.08770180354,79160.54879729432,80185.09590383884,76469.71042860381,126912.26630380037,225054.25793384624,51069.96227959668,177467.408769219,84096.8696974678,68717.94055228839,203270.5227906825,76549.24106254234,54741.5340906747,42263.753300172364,65750.39185996653,106871.65680924381,130557.67230803733,129571.54283146061,61445.83610868619,145740.06384759909,62613.217458369385,122225.97778003389,71908.98615139768,
f(x3) = 4.678918382845694E10,5.226806185041941E10,2.4830445682328705E10,3.1923589528214478E10,8.06457811256461E10,1.0381882787462648E11,5.2248049655302185E10,1.0565239335157637E11,5.135158492779792E10,5.283553999034276E10,4.727515796341956E10,6.811968770204709E10,1.3000357751307437E11,3.0803624715943024E10,8.472371475634952E10,4.7003064328667465E10,4.157060508944299E10,1.2222307698461707E11,4.861874376766113E10,3.722849611888107E10,2.2451956153370056E10,3.45803878317394E10,6.401670359018449E10,7.56597665108617E10,7.914628903818521E10,3.0880370557922794E10,8.60144139753932E10,3.45613528764184E10,6.86004920493041E10,3.803401912339089E10,
f(x4) = 1399775.8549896004,1109184.151992664,980500.0087351613,1208443.0251805368,2000653.442802234,3166429.613494947,1593827.3354679835,3892588.1227993225,904512.6350912396,1080719.7344069385,1515576.2274549324,2059525.8607627337,4973822.531343158,1153495.5490061266,3853546.5197367636,1151751.7011862586,1275826.227507289,3669855.158993277,1197557.720712038,890575.5721181192,1339733.8163942848,795360.8221651468,2375337.0790537023,2418818.358348006,2133598.6840052423,1764474.920412616,2465856.759526664,1159999.634014976,2287198.1234386363,1135841.0883199694,
f(x5) = 446.4789123791681,263.42059863140383,307.509819636717,317.69273808330456,717.070888417543,997.5011896669848,386.68300066912576,1182.293018053422,506.1935243866449,441.4353183769206,582.5919752392109,772.0366063773756,1533.034419429497,390.89786667556666,1162.3491841372543,283.6208369765461,534.9924594225259,1324.8027942580677,357.9431198609392,315.45285354411686,308.35075297518654,309.2106200430957,799.7778048390635,797.8142184879348,862.2962272205068,472.3422926666205,888.5813210596134,393.9186162490396,927.0295044509314,392.26122094390695,
f(x6) = -9.123960599278382,-8.756483378411053,-6.0623257669835,-6.213615922036232,-5.546972140144384,-3.8465936243058305,-10.651612316865636,-9.172416027785161,-11.08041080651357,-7.174509722630021,-12.021845550780494,-10.321217865032525,-9.07077740815185,-8.250039637107935,-7.278335860139365,-8.41732377917603,-8.05921520526455,-5.125452975503031,-11.05406471461026,-7.578804269343586,-13.322491506504857,-12.039633172789838,-14.68770344330731,-11.799092929003958,-3.986960307810871,-11.820540467699582,-10.623488874708572,-13.372976807995213,-11.557690142915177,-13.275682021259188,
f(x7) = 34.98794871135002,34.98794871135002,34.98794871135002,34.98794871135002,69.97589742270009,104.96384613405016,34.98794871135002,104.96384613405016,34.98794871135002,34.98794871135002,34.98794871135002,69.97589742270009,139.95179484540023,34.98794871135002,104.96384613405016,34.98794871135002,34.98794871135002,104.96384613405016,34.98794871135002,34.98794871135002,34.98794871135002,34.98794871135002,69.97589742270009,69.97589742270009,69.97589742270009,34.98794871135002,69.97589742270009,34.98794871135002,69.97589742270009,34.98794871135002,
f(x8) = 359.98624224225404,422.8262696343617,291.3059615159573,367.0877150455013,741.4738327050586,1115.6102114857665,400.84410649824855,1247.534689862991,379.2771671398239,348.84403479527987,436.1086454706335,831.1079973724918,1373.885994021035,413.3342471480672,1215.0844355409506,425.9598047379279,441.1217316437853,1265.5831695436323,391.444358593516,429.4866150644909,409.2522511759329,344.7309441947609,766.0029834716281,801.6949568289161,756.0562587104401,367.65376708501014,750.7848698092755,298.93392217963884,798.9607398520901,383.94061568127256,
f(x9) = 381.5314063442851,399.3880275954267,378.56200029431653,381.96390622421643,760.5348047632519,1144.5880589606547,389.255817088645,1194.7009256694985,365.26961743431286,380.2376116897411,387.1806038610219,779.7650361321615,1470.238983028706,384.46073894775844,1161.2981006421264,381.2372773558457,398.98534848028373,1188.0850241199066,396.8923605128714,378.6281910771941,387.20940615076194,377.8767018333299,770.6476075067693,758.337920633246,763.1547788762368,385.8076903660453,771.539704612499,346.2962044438816,769.1942401926867,390.35237059928414,
f(x10) = -13233.733603388459,-14067.222257854106,-18449.35199880554,-11675.716487946771,-13214.045596879914,-11315.969195863852,-9200.906830159296,-11066.58787283382,-13930.17885063266,-20079.332260066683,-17775.311989987993,-6686.970599385783,-8388.71581686171,-13028.018223639167,-12195.735073308198,-12699.700190922451,-10248.853156075631,-15467.04877065706,-9839.041798213293,-11768.24891093881,-11631.142874800089,-10053.184596567675,-13500.878961905299,-23988.605521740155,-9861.450298915091,-11659.908012007761,-11284.335697819557,-10662.008322966669,-16836.918040862376,-7245.9904772180935,
f(x11) = -6006.40193790517,-3978.123720818678,-9688.551106769544,-12697.93581685678,-4867.442185008079,-12507.197838305769,-6959.786987291338,-7094.84928997023,-6255.531250181232,-9482.398733600608,-7993.902538809387,-10011.439602664836,-6793.577094966017,-8996.2480032912,-11095.594911871602,-8005.259747744235,-6510.820926114854,-8394.876729850273,-7034.634500849391,-6630.243597415591,-7033.430055370542,-7610.105326442683,-5587.57068821143,-9800.158889671256,-11542.247047937004,-8439.170706645125,-3548.7921895701547,-5244.476431051909,-9638.281354814108,-7008.145934040005,
f(x12) = 9.500555086938482,9.550970911254689,6.6488222371548,8.246605688588168,18.541704701368698,23.984405137901934,7.5584652758788815,26.996043683464173,7.962924032936176,9.486212665731358,9.878181327122029,16.30802575677757,35.86777350218183,9.227176644229695,26.74172343245334,9.579769701463379,9.536459782460259,27.882415866267063,8.672044803896078,7.882005721568943,6.928409846124538,8.673170916033015,17.512657082777302,18.259669556342413,17.318147882562958,9.712116797276773,18.880536618315478,9.068324891604561,15.181870966117131,9.49011404460796,
f(x13) = -71.07099681723096,-63.806854449956276,-68.54050502242528,-66.26684523035179,-67.7652786880352,-67.59219487782018,-63.853907379738594,-60.09296955450248,-62.7092582946816,-64.45092963025411,-63.7835673569024,-65.03502720916443,-68.64941365324047,-62.1899730065257,-59.84761265128676,-68.7292280543224,-63.67395792923153,-67.47423242728097,-57.533678195212524,-61.91494492063277,-70.21914416368313,-62.15452202901121,-57.81385219509224,-64.16558383419432,-66.89351524300625,-64.9376316998397,-68.81559354271312,-65.56980464120737,-62.93373271573961,-61.01190824485246,
f(x14) = -35.81825327323837,-20.850196381780854,-30.701157202868238,-25.691920975208866,-28.86928530633576,-28.438812339609782,-48.43933520353385,-18.42544851098294,-21.567779778911625,-35.221154396489226,-22.521549584356144,-16.823710510486684,-28.591762757013527,-12.263845862490722,-20.77261877966115,-31.40917871344198,-37.77966138958096,-31.90019065706063,-14.67440596843633,-27.00497700137855,-20.469027215358103,-34.42619079021889,-22.36193511025425,-28.598350763731663,-28.64047599286121,-23.00496366246483,-41.64568120324306,-33.8717303533193,-23.514482873852685,-29.31656223079628,
f(x15) = 5.056758394897969E9,4.80347315631534E9,1.0651520838588573E9,3.278443503134159E9,6.745805932706066E9,7.265125759695665E9,5.383250835964807E9,1.0865619663166845E10,2.5433550845314126E9,4.375361589318169E9,4.387063494380226E9,5.874446386920283E9,1.1255310995251324E10,3.2895295447985616E9,6.5768846000862465E9,3.2640357581070523E9,3.627963522805484E9,9.054703835829042E9,5.638462097469103E9,2.361255634886459E9,2.49450462299367E9,2.724328551435854E9,5.527671971003955E9,7.1461242223885975E9,8.117931930309282E9,1.5690379610765815E9,7.716477348210386E9,2.7811209453032436E9,5.2846780033626585E9,2.676745568249449E9,
f(x16) = 15206.503676959424,22743.21971408408,20972.390219219473,35605.83992436799,50521.23265826504,75179.1427228015,25644.61963914528,77500.64109488047,35554.39938569354,36600.40088000289,28404.711247322106,58486.819897079076,85331.0159969048,23814.10711267451,62722.28181095564,17885.734276779283,40214.06004800137,82013.40444586478,25325.092319038653,25950.398375607998,12738.494504755401,17878.174763526687,32174.02356138139,41990.53870971192,44889.48082736265,12189.211226255595,44912.24298356638,24057.949830934325,36443.80949232562,21169.771801094896,
f(x17) = 71599.35773547953,77601.70927061763,47521.045905242514,73907.31075336244,152373.78898386893,203923.13408121697,81261.3226662903,204049.26603053455,80276.51075813461,81330.1328608397,77585.9045431959,128881.34192460122,228620.986901783,51902.13164186773,180320.37653303117,85244.57907102938,69753.82035296079,206322.53488108664,77602.64541016356,55576.52454224336,42992.843072936455,66732.53230118926,108566.83685649587,132550.3503750479,131515.11830510924,62431.518941012175,147847.5962211065,63563.293194063976,124181.26832099656,72997.29718822856,
f(x18) = 614.8601462951357,563.2726202368322,473.4451178266364,710.7620548815843,1151.555334590178,1893.7070765449005,832.5428984562135,1745.9061185340302,688.1487638446866,797.1661388705348,852.0976903053585,1153.4460684052,2277.185059883064,646.3167931328888,2127.1410363596547,776.6448909517301,688.603284670568,1998.4245146454512,773.9927708467808,480.4385294410294,530.6730432970454,665.4639227191655,1123.3912523579163,1245.7372647309842,1084.90557099422,603.1814670272784,1296.7181833020918,660.6978002344041,1311.248670877204,662.7985086558945,
